Mikyx	4.511649464544368	4	3	21	0	751	4	0	0	0	0	2	85
Crownie	7.625562327504355	6	3	0	0	0	0	0	0	0	0	2	41
N1ghthawk	5.0161327865124585	4	2	0	0	0	0	0	0	0	0	0	5
Litko :3	7.572960892788336	6	3	0	0	0	0	0	0	0	0	0	67
prmk	7.030104923642813	6	3	0	0	0	0	0	0	0	0	0	48
bl17z	5.542929946605821	5	4	0	0	0	0	0	0	0	0	1	48
Anža	7.237858337014869	20	12	0	0	0	1	0	0	0	0	5	79
i cum in ur mum	3.5863573277329865	1	3	0	0	0	0	0	0	0	0	0	31
Whitechapel	6.943677700174514	7	4	0	0	0	30	0	0	0	0	7	131
Alphonse Elric	5.665708278507282	6	4	0	0	0	0	0	0	0	0	5	23
Koelschi	5.057788192306419	5	3	0	0	0	0	0	0	0	0	2	20
Camper_Cat	4.6111908632627845	20	19	0	0	0	32	0	0	0	0	3	45
vini vici	3.219257096536635	6	4	0	0	0	24	0	0	0	0	4	40
☭Raymond☭	2.734682071197538	4	4	0	0	0	0	0	0	0	0	7	106
Flower's Tear	1.738014412798853	4	4	0	0	0	0	0	0	1	0	4	106
狐狸艾艾艾	2.7568566763117293	9	7	61	5	1755	0	0	0	1	0	15	190
|。• •)っ鬼一	4.622679421636498	12	10	0	0	0	4	0	0	0	0	14	153
✪swar(goa)	2.578316296491721	4	4	47	13	4388	5	0	0	0	0	12	169
LeOO0	1.8834495322834652	3	3	0	0	0	2	0	0	0	0	41	104
🐾百鬼丸🐾	2.181967695126674	110	137	107	0	1120	11	0	0	3	0	34	167
TARAPI	7.809802775154572	85	97	0	0	0	224	0	0	8	0	56	279
ageha.rom-[JP]	10.64578381883711	11	5	83	0	0	36	0	0	2	0	19	189
buibui11	7.138871591603669	5	2	0	0	0	0	0	0	0	0	3	100
OSAKApronax	7.0340282342394085	41	49	288	54	6476	896	3	0	11	0	164	411
KIRISU [JAPON]	5.045128010891971	29	26	0	0	0	26	0	0	4	0	32	258
Zombine	6.6667929576960825	113	592	1268	108	15393	3082	3	5	26	0	77	491
amakarakun	10.43706281818795	149	295	1429	0	0	258	0	0	17	0	159	852
EndsWithaBullet	6.04743581902847	75	110	550	32	7039	2539	3	0	70	0	14	108
Templar	11.054959360472347	72	190	0	0	0	469	0	0	118	0	7	203
ovmise	9.001168936987272	324	1077	6327	157	35294	831	5	1	36	0	30	1696
ScoRrpioOo	8.1693608277726	104	477	2867	70	14139	1289	0	1	13	0	28	563
Roguecoder	5.331629781571622	51	122	715	0	3013	23	1	0	3	0	70	415
Lady Snow	11.295118903848671	75	73	351	4	1991	195	0	1	2	0	46	605
Kitsune 狐	5.181505716910509	110	157	0	0	0	1038	38	0	70	0	27	156
Castor	7.886327857450452	8	2	0	0	0	26	0	0	0	0	0	25
FuriosLPs[Twitch]	12.229497969258478	10	3	166	0	531	0	0	0	0	0	9	44
teX	15.351224090320734	31	16	0	0	0	37	12	0	1	0	23	193
Landryna	8.167428395108598	6	3	0	0	0	0	0	0	0	0	7	111
Datface	7.772227874018928	33	41	0	0	0	303	8	4	4	0	24	238
Arplane	5.067838204532681	10	5	0	0	0	0	0	0	0	0	9	61
Duno3er vac csgobig.com	5.57798735035082	7	5	0	0	0	25	0	0	0	0	30	122
Norbix	6.273578028489397	10	5	0	0	0	0	0	0	0	0	0	83
Panchzr 7	3.9133335448006488	61	46	0	0	0	104	0	0	5	0	20	335
Ra-Blue	5.929780880062132	60	97	276	10	3769	1041	0	0	8	0	158	424
Mystic.Juice	5.0108963379765425	7	4	0	0	0	4	0	0	1	0	6	22
Syndicade	5.788510708422663	33	25	0	0	0	56	0	0	7	0	3	182
jujubean909	4.196562691742858	5	3	0	0	0	0	0	0	0	0	0	9
DXDAHC	13.906369662404144	34	19	102	0	0	16	0	0	0	0	3	101
bekinneyn	1.5764046243630512	12	7	19	0	700	39	0	0	0	0	11	58
tommy	1.6557618046959361	0	3	0	0	0	0	0	0	0	0	0	64
mattpix	1.7847768820484602	2	3	0	0	0	3	0	0	0	0	3	153
BeybladeMastahhh	4.437999336436036	5	3	0	0	0	1	0	0	1	0	4	45
the_YO-YO_king	3.701492553032999	3	3	0	0	0	2	0	0	0	0	2	23
Guido Von Douchebag	3.3840406326544747	4	4	0	0	0	0	0	0	0	0	0	10
Chubbs Mallone	1.9907806732434874	1	2	0	0	0	0	0	0	0	0	1	9
Guido Von Douchebag	3.3840407544368265	4	4	0	0	0	0	0	0	0	0	0	10
XkaliBuR	2.6592802103449475	8	4	24	13	1485	0	0	0	0	0	8	90
ChefBoi	3.5993394099581386	6	5	0	0	0	7	0	0	0	0	19	24
Entonic™	7.620744878034539	33	23	149	0	2654	35	0	7	4	0	8	105
Awsomeman12_PC	5.767256133899076	20	18	0	0	0	26	0	0	2	0	19	93
nAme	4.630400082047316	21	25	398	0	0	5	0	0	6	0	22	40
YourFriendAdam	3.0460015104725873	7	5	0	0	0	1	0	0	3	0	28	161
FreSH✘	4.69501339784121	20	23	81	36	4940	72	0	3	1	0	39	276
CanadianBuck	6.108591278245422	11	5	90	97	1941	3	2	0	1	0	5	106
...?	3.3408317676991044	5	4	64	16	2879	0	0	0	0	0	9	88
Bot Bottle	1.9175272250645417	1	2	0	0	0	0	0	0	0	0	2	34
The Cat With The Zap	4.16460259130895	11	7	63	23	3698	2	3	0	1	0	23	182
N0 B1GG1E	4.993832087591615	9	6	0	0	0	1	0	0	0	0	2	40
Moordred	10.785033288713255	8	3	0	0	0	0	0	0	1	0	1	31
TheDiabolicGhoul	8.290649588775167	13	10	0	0	0	12	0	0	0	0	25	180
DustyyGG^  teag.agency	8.057254191839645	18	11	0	0	0	90	89	0	9	0	12	285
Graveyard: Twurkkk	6.740923514691874	13	9	0	0	0	39	0	0	1	0	4	148
Kenny™	7.638275137998659	11	8	0	0	0	9	0	0	1	0	28	156
kawffi (o´ω｀o)	8.287190891456921	36	36	0	0	0	526	0	5	6	0	57	123
flyingtacos	3.34421685539124	11	7	0	0	0	4	0	0	1	0	1	52
spyguy246	1.8317211242229925	3	3	0	0	0	7	0	0	0	0	0	13
flyingtacos	3.3442170436587633	11	7	0	0	0	4	0	0	1	0	1	52
Doomanatier	4.042936674400982	6	4	0	0	0	3	0	4	0	0	4	13
Rotax	2.1935504795034744	2	2	0	0	0	0	0	0	0	0	0	1
Doomanatier	4.042936798399888	6	4	0	0	0	3	0	4	0	0	4	13
inverse	3.8269739470102424	50	39	102	27	2665	7	0	0	0	0	13	81
╘𝕼╛	3.778074135242351	9	5	0	0	0	31	1	0	6	0	48	76
Zamoshi	5.16099649644834	7	5	0	0	0	5	0	0	0	0	8	28
Sandman	5.251083333043422	6	3	0	0	0	0	0	0	0	0	2	21
Zamoshi	5.160996653784953	7	5	0	0	0	5	0	0	0	0	8	28
Jackson	3.116990375244688	4	3	0	0	0	1	0	0	0	0	1	34
Delayedx	3.968793618484742	3	3	0	0	0	0	0	0	0	0	5	73
BigPoppa	2.2804305438374746	4	4	0	0	0	0	0	0	0	0	2	49
AlexPops	4.934281733700091	20	11	0	0	0	15	0	0	2	0	4	56
Megolongdong shark	3.3527491397701397	27	35	0	0	0	290	1	0	20	0	29	150
Chef_ster	3.038423072986921	5	4	0	0	0	43	0	0	2	0	5	114
Uuuuhhhhhhhhhh	3.125224141971441	11	7	0	0	0	34	0	0	1	0	11	46
< blank >	1.8271142577692632	2	3	0	0	0	0	0	0	0	0	2	109
Alb0tross	15.015971422891274	12	7	0	0	0	0	0	0	0	0	7	99
Carnegie	3.7224261489812114	4	3	0	0	0	0	0	0	0	0	2	149
Ralyks	4.888003250124739	4	3	0	0	0	7	0	0	0	0	2	24
maddd	3.28725336356046	3	3	0	0	0	21	0	0	0	0	4	22
Decent	3.480869758802976	5	4	0	0	0	24	0	0	1	0	1	43
maddd	3.2872535106967637	3	3	0	0	0	21	0	0	0	0	4	22
Dogs Take all the Good Names	10.289376078035938	9	5	0	0	0	3	0	0	1	0	0	72
Spoony Mask, The Slump God	10.286596080313807	10	4	0	0	0	0	0	0	0	0	5	103
FunnyFatGuy	11.52782150904185	12	7	220	0	3308	0	0	0	0	0	6	218
ƒℓυƒƒєєٿ	10.75280863747303	5	2	0	0	0	0	0	0	0	0	35	31
CapoNe	11.41579703167731	6	2	0	0	0	0	0	0	0	0	44	76
{-I(H)M-}{-The(Pretty)One-}	15.273136724738537	9	2	0	0	0	0	0	0	0	0	2	43
nbs	13.467385107651904	8	2	0	0	0	0	0	0	0	0	1	13
!zeL	14.713423542391197	8	2	0	0	0	0	0	0	0	0	6	46
◥◣ . ◢◤	12.58814292088433	11	4	0	0	0	5	0	0	0	0	16	284
@WanaBe808	9.231654545681957	30	20	0	0	0	5	0	0	1	0	11	305
Squog	6.955617905473063	23	16	107	8	3483	6	0	0	2	0	6	28
WatermelOWNED	1.2927612192942626	1	2	0	0	0	0	0	0	0	0	0	10
✪ ℜ𝔢𝔰𝔢𝔯𝔳𝔦𝔫𝔤𝔰	1.473129036115434	32	18	0	0	0	14	0	0	1	0	14	84
Itsjustsatire	1.2586109579764289	1	2	0	0	0	0	0	0	0	0	0	7
BarneyLoVe	1.3738468487556288	2	3	0	0	0	2	0	0	0	0	4	49
matthew 231	1.2766963196885142	1	2	0	0	0	0	0	0	0	0	1	2
OwO Tato	5.21967713299594	11	7	258	18	3307	2	0	0	1	0	13	165
2D	3.632672435045673	16	14	0	0	0	43	0	0	1	0	27	86
Mr. Krabz	6.140655436146204	16	8	0	0	0	7	0	0	3	0	5	59
DeadlyBeast	6.622510236825663	5	3	0	0	0	12	0	0	0	0	41	101
Shadow	6.4624394817509545	5	3	0	0	0	1	0	0	0	0	10	50
Mouse	6.686989127065357	9	5	0	0	0	74	0	1	0	0	22	168
Badgerbae	7.024813818793191	37	49	518	55	8249	37	0	0	4	0	11	251
FAT NUGS ONLY	4.989123967260584	15	11	0	0	0	63	0	6	3	0	10	60
Hakuna	3.633475299030671	14	9	0	0	0	0	0	0	1	0	10	57
Mike	7.225217088837081	23	23	343	35	9887	58	0	2	13	0	15	177
Essa	4.0766075580593055	12	6	0	0	0	11	0	0	2	0	2	1
Mike	7.22521725493408	23	23	0	0	0	58	0	2	13	0	15	177
adv3pl	5.610460298907486	33	23	387	0	5491	226	1	0	5	0	13	11
Miki	7.292804568511135	22	20	40	12	3331	1	0	0	5	0	41	161
Getriax	7.633340989103774	7	3	0	0	0	0	0	0	1	0	6	29
MRJARAS	10.153491296094325	7	2	0	0	0	0	0	0	0	0	1	12
Miszczep	9.331399913420915	7	3	0	0	0	32	0	0	0	0	6	91
★иєм4sίs★	7.487409962812047	6	3	0	0	0	130	0	0	0	0	14	40
dédé zizon	9.992048139121215	10	5	0	0	0	1	0	3	0	0	26	134
Metzek	7.063042692571486	25	29	184	0	2678	61	0	0	8	0	9	35
LeviE	3.994484375533304	9	4	0	0	0	0	0	0	0	0	0	44
KuTerescZ	7.065351198389332	6	3	23	0	3031	0	0	0	3	0	3	65
thomaspetersen03	1.8705594744190972	3	4	0	0	0	2	0	0	0	0	5	26
CLOUD_9_ LUCK	1.927239114420561	3	4	0	0	0	0	0	0	0	0	1	76
Mashiro Shiina	1.6162957823273267	2	3	0	0	0	0	0	0	0	0	2	61
Artey	6.410589974405136	9	5	52	22	1421	9	0	0	1	0	7	114
Plop 3	2.5058300098606257	12	6	16	36	983	6	1	0	1	0	4	209
TMouse	7.779408929165231	13	5	0	0	0	43	3	0	1	0	25	175
Koneko Toujou	1.5657114799509628	12	8	0	0	0	24	0	0	1	0	11	214
Cramik	2.6038493746403417	5	4	91	333	43223	1	0	0	0	0	5	13
Scoob	3.9772282975280593	20	17	0	0	0	16	0	0	6	0	27	182
Regal	3.2841759726050044	4	4	0	0	0	0	0	0	0	0	1	70
Dig Bick Papa Smurf	7.2952957924968596	6	3	0	0	0	0	0	0	1	0	2	62
Spongebob	3.934223863207798	2	2	0	0	0	0	0	0	0	0	2	41
HalfBakedBeans	5.606883132207226	5	3	0	0	0	0	0	0	0	0	4	41
SavageLunatic	7.135963607990548	6	3	0	0	0	0	0	0	0	0	0	118
Kirito | LF black zomba	3.4600992982599386	4	3	0	0	0	2	0	0	0	0	23	234
Ozzy	4.435966675212356	7	6	73	9	2603	5	0	0	0	0	5	110
Krimson Rain	5.36160209766716	12	7	0	0	0	1	0	0	3	0	10	120
_iEpic	7.289289459411994	21	18	139	6	1094	0	0	0	4	0	6	148
Run The Jewels	7.051079373291359	13	7	0	0	0	116	0	0	1	0	0	157
Loyal-	5.226389621689507	2	3	0	0	0	0	0	0	0	0	3	60
S.O.S Venezuela	4.312448624800512	4	2	0	0	0	8	0	0	1	0	1	106
Foose	5.779229066254213	3	2	0	0	0	0	0	0	0	0	0	15
javierluz	9.185704775251384	6	3	0	0	0	0	0	0	0	0	6	26
nUKEE	6.273907542226106	7	3	0	0	0	4	0	0	0	0	10	52
CarGO™	7.038572733031114	3	3	0	0	0	0	0	0	1	0	1	42
gog	5.512722088497009	3	2	0	0	0	0	0	0	0	0	3	115
$nuff	5.947205604712297	4	3	0	0	0	15	0	0	0	0	0	72
NGC I277	6.082031105755164	5	3	0	0	0	8	0	0	0	0	2	117
M.A.C.CH	5.829720318031297	3	2	0	0	0	0	0	0	0	0	1	180
ErickGueTTa777IsBack	5.7854209368522325	7	4	0	0	0	0	0	0	2	0	5	137
Duvan Arcont	1.2328047371292736	0	1	0	0	0	0	0	0	0	0	0	19
SF DE VELEZ	3.1119994096605077	0	1	0	0	0	0	0	0	0	0	1	26
lorenna souza *_*	3.1934510082233865	2	2	0	0	0	0	0	0	0	0	0	19
SF DE VELEZ	3.1119995507506215	0	1	0	0	0	0	0	0	0	0	1	26
Em8cho :3	5.98305667779976	27	27	0	0	0	15	0	1	10	0	24	160
R4ka	6.198372204135429	67	120	0	0	0	0	0	0	0	0	4	52
Russo	3.3001211476832975	4	3	0	0	0	1	0	0	1	0	4	41
✪ Emitah	4.751112862482198	28	36	249	29	2981	27	0	2	2	0	16	119
mart1n	6.4183212008701025	16	11	180	17	3099	805	1	2	5	0	91	292
chelo	3.116661121394174	3	3	0	0	0	0	0	0	0	0	2	117
BLASS	2.233194253882929	0	1	0	0	0	0	0	0	0	0	5	71
Damian Bettini	3.609694506113206	2	2	0	0	0	0	0	0	0	0	6	132
N4bu	2.58866521284022	3	3	0	0	0	0	0	0	0	0	2	61
Santaflow.- El mendocino	1.7189715370338303	3	4	0	0	0	0	0	0	0	0	9	229
FALLEN UN POROTINHO	1.5829432037145896	12	7	35	9	2075	1	0	0	3	0	6	78
mirkachaafawfawf	1.2028041599922787	10	6	0	0	0	36	0	0	1	0	16	179
Nxhxr99	0.8707957113137076	0	1	0	0	0	0	0	0	0	0	30	154
Lailo	1.2096641118481022	6	6	47	110	1711	14	0	0	1	0	7	226
iwannaendme	2.615266497663477	4	4	29	12	1568	0	0	0	0	0	1	189
Thommas Shelby	3.2200652585365956	6	5	16	0	2317	1	0	0	0	0	3	176
Shaler	10.302340078349475	10	5	0	0	0	81	0	0	1	0	24	274
Martin M.	3.5934960816819643	0	2	0	0	0	0	0	0	0	0	4	45
Slipknot	1.7996450428759567	2	3	0	0	0	2	0	0	0	0	9	105
Speeeedu	1.2454346318932685	2	3	25	3	796	0	0	0	0	0	0	58
Crackudo da Esquina	2.4573866169460907	3	4	0	0	0	0	0	0	0	0	2	111
Herogevick cs.money	3.276282034565892	5	4	45	16	722	0	0	0	0	0	10	230
Maurílio dos Anjos	4.775071183080754	16	13	82	14	1406	138	3	0	1	0	2	11
CosmicColapsy	4.909271128634287	7	4	0	0	0	0	0	0	0	0	0	5
Renan	7.204724520544883	5	2	0	0	0	0	0	0	0	0	1	44
FalleN	7.076758324191548	6	3	0	0	0	0	0	0	0	0	4	71
eduolgado	6.668267201604274	0	1	0	0	0	0	0	0	0	0	0	1
FalleN	7.076758513170298	6	3	0	0	0	0	0	0	0	0	4	71
✪ ZECANETO (:	6.368794629389716	6	4	0	0	0	5	0	0	0	0	30	277
fast; #FIRST	13.508974193041023	7	2	0	0	0	0	0	0	0	0	4	10
Lucca Lima TTI	7.797485160799792	4	2	0	0	0	6	0	0	0	0	13	50
pkx	8.482178616925635	6	3	0	0	0	4	0	0	0	0	3	138
krn;	6.672708251663531	5	3	0	0	0	0	0	0	0	0	9	104
smoke	7.087666010381697	4	2	0	0	0	17	0	0	0	0	25	49
Ze bostinha ENSINEI O FALLEN	7.764227286783935	5	3	0	0	0	0	0	0	0	0	74	167
nunz	10.311211024631778	7	3	0	0	0	0	0	0	0	0	72	147
'atom	15.180058908083208	8	2	0	0	0	0	0	0	0	0	1	14
Lima-FJB	11.396727868823717	7	3	0	0	0	8	0	0	0	0	49	119
Thorgrin	2.1824252965331894	3	3	0	0	0	0	0	0	0	0	0	36
☁	5.51411872555559	12	8	0	0	0	16	0	0	0	0	29	106
Renanzaço	7.583732220760355	12	10	0	0	0	23	0	0	4	0	12	91
Jcloco	5.342227833402128	24	23	203	1	2021	22	0	1	4	0	20	119
TioDasMarmitex	5.369371747597046	9	5	0	0	0	0	0	0	1	0	6	30
KchorroMolhado	7.94697186173603	20	20	0	0	0	26	14	0	3	0	25	136
LzrN	5.28270464453867	11	7	0	0	0	4	0	0	2	0	18	160
Panqueka	6.130219439007496	4	2	0	0	0	0	0	0	0	0	10	69
zash (◞‸◟)	4.307212797798386	6	5	0	0	0	1	0	0	2	0	36	121
supersonic917	5.3904811441072695	3	2	0	0	0	0	0	0	0	0	0	7
SSRUS1	6.12664434779181	9	5	0	0	0	124	0	0	0	0	12	61
SonicDen220	7.03574596621103	51	55	65	43	5743	835	0	3	1	0	28	125
WebbY	11.58415421768215	100	112	333	1915	244850	0	0	0	0	0	0	777
THE TRAPPER	4.625024143462281	104	283	0	0	0	44	5	0	34	0	4	808
.:The-FuN-toM:.	4.479700163218264	31	33	123	114	6272	24	0	0	2	0	3	74
Papa BitSkins.com	2.964496586436876	40	26	0	0	0	6	0	0	2	0	13	291
m1ro2k (я в армейке)	10.166604169710926	121	172	287	0	10754	195	0	0	3	0	34	415
BÄŖBÄŖÏÄŅ	3.4144687893913215	36	30	0	0	0	204	1	9	2	0	7	186
⎛⎝Daki † Makuro⎠⎞	3.8530067057251736	19	16	65	1	1421	278	0	0	3	0	27	115
KaDaRa	3.600168920450914	36	40	0	0	0	79	0	0	5	0	20	171
Ministr_Fox ♥R.I.P. XXX♥	4.238392242271704	70	75	0	0	0	629	7	8	6	0	5	456
QForm <3	3.433512323453932	56	50	0	0	0	526	0	1	6	0	58	453
xOrigamiKiller	11.666808803815433	101	118	743	1	3910	839	1	0	1	0	10	337
RK800	3.1189005793378564	30	41	0	0	0	1421	0	0	25	0	9	321
zetsubou	5.265711202430958	56	94	180	0	1082	200	0	0	7	0	7	208
I.Shooma	5.294618881132474	50	64	0	0	0	42	0	4	8	0	5	317
Serge X	6.116091289649376	38	30	0	0	0	486	1	0	6	0	17	144
I.Shooma	5.294619063687303	50	64	0	0	0	42	0	4	8	0	5	317
Inq ShadowSong	4.411869966586959	15	8	0	0	0	0	0	0	0	0	4	71
Mr. 33 misfortunes	3.375757510885249	72	83	0	0	0	55	0	0	14	0	70	261
Setrof23	2.899816638427034	43	51	2259	29	1431	1478	12	0	10	0	49	261
Lenin	2.0851968274384904	14	13	112	12	1205	60	0	0	6	0	1	26
nikThebest27	0.6605847295558223	15	17	0	0	0	26	0	0	4	0	8	53
Okay	2.42242992866065	27	22	0	0	0	217	0	0	3	0	3	349
_ONLY_^	2.4387120152397515	100	140	0	0	0	477	6	5	7	0	11	392
Redmar5	4.373366052846	43	53	0	0	0	307	1	0	8	0	8	36
AceQueen	3.955363460036755	6	6	25	0	136	0	0	0	0	0	2	9
Valqisha	4.232225740374057	4	3	0	0	0	0	0	0	0	0	0	7
The Meme Machine	6.394155972558311	5	3	0	0	0	0	0	0	0	0	0	5
GUNSTOPPABLE	7.802685746871892	12	8	0	0	0	24	1	0	3	0	27	58
Kmorae	9.98277614010401	28	28	0	0	0	2	0	1	6	0	6	101
Spinnermask	7.483840646273689	8	3	0	0	0	8	0	0	0	0	7	33
Luna	7.29201218900185	15	13	0	0	0	283	0	0	1	0	1	27
Danger Klaus	10.70811157008936	10	4	0	0	0	5	0	0	1	0	6	60
Dojahsouljah	6.371769929841999	5	2	0	0	0	0	0	0	0	0	2	41
BrandoInTheBox	7.946792004043305	11	8	0	0	0	0	0	0	5	0	0	9
C O O N O U R	8.672642653241844	15	12	0	0	0	0	0	0	1	0	0	64
Remakor	4.199202018652098	5	3	0	0	0	0	0	0	0	0	3	75
Sham Shlong	4.735737420713361	9	6	0	0	0	128	0	0	14	0	17	90
Remakor	4.199202153337313	5	3	0	0	0	0	0	0	0	0	3	75
GMKyle	3.362943709947785	19	18	37	48	3097	3	1	0	2	0	6	59
Ultimate Congster	4.015841122143111	4	3	0	0	0	0	0	0	0	0	0	30
wowjay	9.901061645886896	10	5	0	0	0	2	0	0	0	0	2	14
CGen	8.648494274106131	7	3	0	0	0	1	0	0	0	0	2	26
TheLeadingMan	8.881516885737668	18	20	0	0	0	0	0	0	1	0	2	17
mickeymantle22789	8.228980609749723	5	2	0	0	0	0	0	0	0	0	0	5
Miike™	9.725294819549104	20	21	230	21	2838	11	0	0	0	0	0	17
TheHartstopper	6.691552840376599	4	2	0	0	0	0	0	0	0	0	0	10
Stoop Kid	6.7777138642569	12	8	0	0	0	1	0	0	0	0	2	14
CGen	8.648494672743917	7	3	0	0	0	1	0	0	0	0	2	26
Miike™	9.725295093636007	20	21	230	21	2838	11	0	0	0	0	0	17
passTHEword	10.300067942408461	19	13	0	0	0	1	0	0	3	0	3	25
Tsar Hardbass	14.078371912380891	10	3	0	0	0	4	0	0	1	0	1	24
Times R Tuff	11.823883253976922	15	9	0	0	0	76	0	0	9	0	3	147
Justsomeguy759	12.293208482684337	25	22	74	0	8566	35	4	0	5	0	4	106
Greyhound	10.607130834277612	12	7	0	0	0	17	0	0	2	0	5	50
Doug	10.217262119259374	12	7	0	0	0	207	0	0	1	0	1	33
grayfox12511_TwitchTV	5.158927125457714	21	17	0	0	0	452	0	0	2	0	10	199
Loudmouth6	8.322871191947247	7	3	0	0	0	43	0	0	2	0	4	167
Eldarliel	2.9368877457265907	21	14	77	11	2607	129	122	0	3	0	10	80
HOTHOMIE247 打你六神無主	10.033664918546945	6	2	0	0	0	0	0	0	0	0	0	27
DjinnOfGin	9.089641770437611	15	9	0	0	0	0	0	0	1	0	6	27
Varrik	8.733127603767208	7	4	0	0	0	0	0	0	0	0	3	39
MOBtheMutt | BackRoute.net	8.895953454791721	7	3	0	0	0	0	0	0	0	0	13	193
tHroUgH da WiRe	13.781450917827174	10	5	0	0	0	2	0	0	1	0	8	207
Tom	9.669343261929113	23	23	0	0	0	3031	0	0	0	0	45	304
Rayleigh	9.918999726977075	11	4	33	0	3882	0	0	0	1	0	12	165
AtlaS hellcase.com	3.558812374081264	4	3	0	0	0	1	0	0	0	0	2	35
Majkoce2->low fps	3.1183079212075606	2	2	0	0	0	0	0	0	0	0	0	6
Choey	5.161957838482221	37	47	0	0	0	278	1	0	11	0	16	72
I T S M A X B O Y S	3.646539786736745	4	4	0	0	0	0	0	0	0	0	9	150
*{GAF}* ๖ۣۜDillan > GB	4.304112821813399	31	36	0	0	0	29	0	0	2	0	83	374
мαяιllα (^ 3^)♪♬♩	2.6697810525311576	3	3	0	0	0	0	0	0	0	0	45	112
Melmel<3	4.1486614120017	4	3	0	0	0	0	0	0	0	0	7	70
Zerzey	10.216338571084991	10	6	0	0	0	2	0	0	1	0	48	143
eE-	11.510673940250976	12	6	0	0	0	0	0	0	0	0	8	101
Lakko	11.103624290573393	18	15	0	0	0	0	0	0	1	0	8	125
Masked Man	10.153374465554046	10	4	0	0	0	6	0	26	26	0	1	36
Bootleg Waluigi	9.290911726689872	8	4	0	0	0	7	0	0	0	0	0	68
Tom Cruise	5.680052711501219	10	7	0	0	0	0	0	0	0	0	6	150
れをる	6.309701620654126	12	7	0	0	0	7	0	0	1	0	5	68
Neo	1.7084435032089158	2	3	0	0	0	1	0	0	0	0	1	41
MJNiichan	3.566044706716922	4	4	0	0	0	0	0	0	1	0	0	6
Albedo	5.565455715022758	6	4	0	0	0	9	0	0	0	0	8	62
SqueakER/13/	2.354680376399212	3	3	0	0	0	1	0	0	0	0	11	36
matter	2.5576092615029737	4	4	7	0	826	9	0	0	0	0	5	57
РеактивныйПердак	2.886516898408623	3	3	0	0	0	1	0	0	0	0	1	31
Kuzya	2.833147872552896	0	0	0	0	0	0	0	0	0	0	2	17
Bitard671	3.9349924987652147	4	4	0	0	0	3	0	0	0	0	6	54
)	3.8628448918175793	9	8	41	0	673	53	0	0	1	0	5	118
Poison	4.357825450410854	0	1	0	0	0	0	0	0	0	0	0	33
Brook Wayne	2.3128808137298855	3	3	0	0	0	0	0	0	0	0	2	38
x9nz	7.443518325480945	15	9	74	0	1625	2	0	0	1	0	42	49
DiaMineich	4.433402177572871	3	2	0	0	0	0	0	0	0	0	0	7
x9nz	7.443518478713609	15	9	74	0	1625	2	0	0	1	0	42	49
XIII	9.301067641660843	19	19	271	34	3490	9	0	0	0	0	5	31
Avalanche	5.276126838801326	3	2	0	0	0	0	0	0	0	0	1	15
wiptyza CSGOEmpire.com	5.52702215087317	6	4	0	0	0	11	0	0	0	0	9	75
T!mmy# Симба ДЦП	5.068327988000501	4	3	0	0	0	56	0	0	0	0	2	17
matuha	4.392105258498305	4	3	0	0	0	13	0	0	0	0	1	35
У МЕНЯ VAC	3.5970281718961337	8	3	0	0	0	23	1	0	1	0	6	29
MLG PEPPA	3.3264491153612834	2	2	0	0	0	0	0	0	0	0	9	6
У МЕНЯ VAC	3.5970283204351796	8	3	0	0	0	23	1	0	1	0	6	29
Паша Техник	4.441743437262498	5	4	0	0	0	0	0	0	0	0	6	102
Pedofilich	3.887417827332303	4	3	0	0	0	11	0	0	0	0	2	95
DimasikAxel	5.282572574569762	18	16	116	0	4177	49	0	0	7	0	64	163
snowormTV	4.266090832886578	17	15	0	0	0	46	3	0	15	0	7	147
AlexCross	4.444213483907045	19	14	42	59	2628	33	1	0	3	0	4	27
S4F4	3.205786918903474	13	8	0	0	0	73	0	0	1	0	3	12
Bonzo	3.2051906543819655	2	2	0	0	0	2	0	0	0	0	0	10
snowormTV	4.266091196458505	17	15	0	0	0	46	3	0	15	0	7	147
pr0lex -pussyride-	4.120395846895492	6	4	0	0	0	18	0	0	0	0	11	201
Ruisecruise	9.207890924021314	14	8	0	0	0	0	0	0	0	0	1	151
Aborn	9.044057704034001	13	8	105	13	4495	4	0	0	1	0	19	288
Tartarus	6.432947340501869	4	2	0	0	0	0	0	0	0	0	0	23
Gobot1212	8.951669668192384	7	4	0	0	0	0	0	0	0	0	0	23
Tartarus	6.432947517410707	4	2	0	0	0	0	0	0	0	0	0	23
Kødbollen	7.292734020339693	6	3	0	0	0	0	0	0	0	0	9	19
Tartarus	6.43294764479244	4	2	0	0	0	0	0	0	0	0	0	23
lil-Bud // Team Easy on X Faze	7.680515834266827	10	5	150	1	2975	9	0	0	1	0	3	33
Tartarus	6.43294777717211	4	2	0	0	0	0	0	0	0	0	0	23
God be with you	5.298433284127821	10	8	77	1	1283	1	0	0	1	0	1	27
Yuzper	7.09571797125145	10	4	0	0	0	11	0	0	0	0	3	38
#YoloSwagMeister	7.810778348260244	9	5	38	1	4080	1	0	0	1	0	1	36
Bu69k1cker	7.490870184978402	9	6	0	0	0	6	0	0	1	0	7	56
⚜️Blue⚜	8.211418512034543	20	20	0	0	0	460	0	4	0	0	79	101
FrogZen	4.401123768465916	7	5	108	0	0	10	0	0	1	0	4	61
✪ Scaled	7.04946870852303	12	6	55	83	7695	14	1	0	1	0	4	162
Bjørnen - CSGO	0.32682970072434137	0	0	0	0	0	0	0	0	0	0	0	9
➤ xKow	3.4019038947082407	42	34	86	48	2628	324	1	19	6	0	44	217
bot n1fel	1.1261146645690814	1	2	0	0	0	0	0	0	0	0	0	11
Meyerheim	5.482212490538424	6	3	0	0	0	0	0	0	1	0	1	19
Leader of Jan'er	4.613499355342675	11	7	20	27	2307	37	1	1	2	0	18	82
Sawwi	1.1019620620795143	1	2	0	0	0	0	0	0	0	0	0	20
Leader of Jan'er	4.613499504246585	11	7	20	27	2307	37	1	1	2	0	18	82
Bad SS	3.213449435211351	4	3	22	43	1294	1	0	0	1	0	5	110
Freestyling Huddini	1.5916538998525511	3	3	0	0	0	2	0	0	0	0	14	68
blutsvater3	5.030290491663777	57	59	202	50	3012	7	0	0	15	0	54	195
piacik232	6.131850948374535	8	5	0	0	0	74	0	0	0	0	14	67
Ice ice baby	8.180916339013613	6	3	0	0	0	2	0	0	0	0	2	18
piacik232	6.131851100555619	8	5	0	0	0	74	0	0	0	0	14	67
itsKyle	8.465125113784609	14	9	93	16	702	12	0	0	8	0	13	90
$tRik3r	4.996933831382416	6	4	0	0	0	4	0	0	1	0	0	119
CSGOFAST.COM Rudny211	2.19471545377286	3	3	0	0	0	0	0	0	0	0	14	66
$tRik3r	4.996933986193414	6	4	0	0	0	4	0	0	1	0	0	119
Bisnitaru`Lama Fina	3.2655911716998136	4	3	0	0	0	0	0	0	0	0	4	77
Taxi 112 (FERRARI)	6.652285148157361	5	3	0	0	0	3	0	0	0	0	9	30
Scrappy-kov	2.77015636060856	6	5	0	0	0	22	0	0	1	0	13	95
☜☆☞ v!rus  ☜☆☞	3.798335158261194	7	5	0	0	0	0	0	0	0	0	10	140
Keir	1.2748369098768537	2	3	10	52	633	1	0	0	0	0	10	55
Mari	2.11531814272729	0	0	0	0	0	0	0	0	0	0	7	31
-aimjee-Andreea	2.852882845922035	5	4	0	0	0	1	2	0	1	0	39	269
smecheru tau nr 1	1.0656911804066853	7	4	17	0	0	0	2	0	1	0	6	69
muj.nicu	1.339687943306597	0	0	0	0	0	0	0	0	0	0	0	3
Foxy_94	0.9668684306056488	1	1	0	0	0	0	0	0	0	0	0	14
Criss32A	2.636114622923201	0	0	0	0	0	0	0	0	0	0	1	6
Flick Mast3r	7.4195351417338955	11	5	54	0	1064	12	1	0	1	0	27	147
PATATESLİBROVNİ	2.654343504172883	7	5	30	1	1205	33	0	0	6	0	10	81
eventusX	1.6171294344447547	3	4	8	0	326	1	0	0	0	0	6	67
NİGI	2.737758585540853	5	4	49	0	1827	0	0	0	0	0	4	83
DUYGULARIM	3.3584143958973707	7	4	13	7	1142	114	0	0	0	0	13	42
✪ ramozingo	1.7675014860522302	4	3	30	6	608	4	0	0	1	0	14	71
♣️ Ali Is Back  ♣	1.633395477994853	2	3	0	0	0	5	0	0	0	0	5	57
Takoツ	1.2957245074093326	3	4	0	0	0	0	0	0	0	0	10	67
-Emirhan-	2.799646881819958	6	4	0	0	0	7	0	0	1	0	0	58
MelisaTürkmen	2.01714652674294	12	10	0	0	0	1	0	0	1	0	33	168
Secova	1.503880510775723	30	18	0	0	0	1	0	0	1	0	5	236
Rini	3.809381166548429	6	4	0	0	0	14	0	0	0	0	17	160
♠MacMillan♠	2.0717934395530575	11	8	33	1	1066	80	1	0	1	0	0	114
AlmostGrib	0.6908683887318359	15	12	0	0	0	0	0	0	0	0	0	14
👑 Dolbaeb	2.835531715981099	51	37	0	0	0	1	0	0	2	0	22	54
NAGA. 14	0.8304805019389684	6	5	0	0	0	276	0	0	0	0	2	42
MAXATMA	11.032150862840552	9	4	0	0	0	0	0	0	0	0	0	8
VOOF	8.458265004651732	64	198	535	0	0	210	0	0	5	0	316	51
why me?	8.397554133372997	6	3	0	0	0	57	0	0	0	0	4	132
0_^David^_0	15.375047572917568	9	2	0	0	0	0	0	0	0	0	0	28
ViLLanS_БаБ	7.38424442887316	16	10	0	0	0	73	0	0	2	0	3	30
...Only...	3.6496663910335903	20	17	0	0	0	1	1	0	2	0	17	169
Maligos	3.507341076471898	21	12	33	3	2786	0	0	0	0	0	2	40
Deymur	5.272023589159044	5	3	0	0	0	3	0	0	0	0	4	75
Jsem bůh	4.520684758619382	10	6	0	0	0	18	1	0	1	0	8	33
Восточный дед!! ☭	2.641693848130532	5	4	45	5	1920	25	0	0	2	0	20	82
Gerber_	2.4684972867068224	3	3	0	0	0	0	0	0	0	0	1	33
良好xizll	1.9537461702836416	10	7	0	0	0	19	1	0	1	0	2	18
LLENN	2.0604904802927266	13	10	39	3	875	77	0	0	12	0	23	89
Megumin	5.093572268757918	46	56	0	0	0	69	0	0	17	0	6	68
taC_Cat	7.151546635894016	8	4	0	0	0	388	0	0	0	0	4	77
ПоzzzитиFF	3.874424872790645	7	5	68	35	3271	0	0	0	0	0	0	138
1707.AzoN	4.578663792107264	6	4	0	0	0	7	0	0	0	0	0	129
GangsteR	0.34479411594985493	0	0	0	0	0	0	0	0	0	0	0	18
PUTIN	4.5451248816284044	5	4	0	0	0	0	0	0	0	0	0	74
*Raven [Cz]	7.136884984836928	50	119	479	92	7749	45	0	0	1	0	14	206
Stormi	5.498216930135215	6	4	0	0	0	3	0	0	0	0	5	228
Vladimir	5.293999101635256	20	17	0	0	0	28	0	0	1	0	3	26
Stormi	5.498217089875406	6	4	0	0	0	3	0	0	0	0	5	228
Fr0xy	7.107124341300285	7	4	0	0	0	0	0	0	0	0	28	188
Zarkus	3.9563826961571844	12	6	0	0	0	3	0	0	1	0	19	115
Patryk  ♥	4.454900292686562	5	3	12	5	1390	4	0	0	1	0	5	110
muchawsmole	4.518151327629528	4	3	0	0	0	14	0	0	0	0	10	103
Walen -iwnl-	4.010719079833189	5	4	0	0	0	0	0	0	0	0	10	45
VeiN | Key-Drop.pl	3.4952147851959667	13	7	27	35	3278	3	0	0	1	0	12	65
★M★I★C★H★A★E★L★	4.358851678317525	6	4	0	0	0	4	0	0	1	0	8	59
hawajskaaa♛	7.063039369315855	5	3	0	0	0	0	0	0	0	0	0	24
★Wałek★	3.822375891044056	3	3	0	0	0	4	0	0	0	0	4	64
gracz0	9.342328713726326	6	3	0	0	0	23	0	0	0	0	1	78
Creigo™ || ga Kill !	5.400059129218162	18	13	0	0	0	11	0	0	2	0	20	84
Skillownia.com | Qedro	10.426887142001622	8	3	0	0	0	0	0	0	0	0	3	82
Grzegosz Rasiak	9.279022556648869	7	3	0	0	0	0	0	0	0	0	14	21
Król Kundli	8.684493928992389	10	5	0	0	0	0	0	0	0	0	6	43
Black Jesus	5.298807662007985	24	22	267	3	3547	79	0	0	6	0	6	91
Gravity	3.671304347515605	4	3	31	51	3725	0	0	0	0	0	5	64
Kalehwo	6.74774607008078	13	5	0	0	0	0	0	0	0	0	21	59
Red_one	4.80466730530752	5	4	0	0	0	0	0	0	0	0	6	157
Bart	9.043739972987304	11	5	0	0	0	32	0	0	1	0	1	28
Atieh	4.556555798778085	11	8	0	0	0	3	1	0	1	0	55	239
The Suspect CSGOBattle.com	4.1516913755963	5	4	0	0	0	4	0	0	0	0	8	40
ratsyourbae	3.251346861926116	4	3	53	51	946	2	0	0	1	0	4	131
aesthetic 90s	4.545907257371116	11	8	0	0	0	8	0	0	0	0	8	95
Kamaitichi	2.6189856959384885	3	3	0	0	0	0	0	0	0	0	1	25
트와이스	4.494407694755655	3	2	0	0	0	0	0	0	0	0	0	73
Zeref Drageneel	4.496524733191544	5	4	0	0	0	0	0	0	0	0	7	209
哎呀 Doma Umaru	5.584301325070508	40	25	0	0	0	3	0	0	1	0	3	197
堇	1.4661055257827238	9	8	0	0	0	11	0	0	6	0	4	15
今夜海边微风起	1.287819309305103	0	0	0	0	0	0	0	0	0	0	11	4
堇	1.4661056430706105	9	8	0	0	0	11	0	0	6	0	4	15
甜怡大魔王	1.1403183278439388	1	2	0	0	0	0	0	0	0	0	0	1
堇	1.4661057758381575	9	8	0	0	0	11	0	0	6	0	4	15
我才是真的橘子皮	1.42768400327097	14	18	0	0	0	0	0	0	6	0	0	50
mr.秦	1.3715286247621084	1	2	0	0	0	0	0	0	0	0	0	2
我才是真的橘子皮	1.427684128660552	14	18	0	0	0	0	0	0	6	0	0	50
Pink head	2.8360276543476566	2	2	0	0	0	0	0	0	0	0	0	7
刚枪的老阴逼	4.513324353742832	3	2	0	0	0	7	0	0	0	0	0	16
京丶墨	4.885444157359247	3	2	0	0	0	25	0	0	0	0	0	28
JM	1.2270727057691944	1	2	0	0	0	11	0	0	0	0	0	13
Nano丶 Ripe	4.491435352383638	3	2	0	0	0	47	0	0	0	0	0	15
詹木子	1.5999664874564248	1	2	0	0	0	20	0	0	1	0	0	23
Nano丶 Ripe	4.4914354841011255	3	2	0	0	0	47	0	0	0	0	0	15
果斷，就會白給	4.701232062126343	4	3	0	0	0	0	0	0	0	0	1	131
JaN	5.206313140043907	17	14	0	0	0	358	0	0	2	0	2	50
Likeruk	5.83625491839747	37	67	0	0	0	239	0	0	5	0	7	52
神话小白丶	3.3568488125680798	1	2	0	0	0	0	0	0	0	0	0	3
angletime	4.090653882344987	31	20	0	0	0	29	0	0	5	0	2	43
黎幕	1.6136261309778355	1	2	0	0	0	1	0	0	0	0	0	14
hot girl	5.462717515953615	4	3	0	0	0	0	0	0	0	0	0	28
上洛不行偏偏上树	5.706405311609232	5	3	0	0	0	179	0	0	0	0	2	210
云养兔	4.770895287592374	3	2	0	0	0	0	0	0	0	0	0	136
玛蒂尔达	5.687903883369524	5	3	0	0	0	0	0	0	0	0	1	132
Manta Style	4.570832031649882	2	2	0	0	0	0	0	0	0	0	0	50
我要上天	3.282595629979509	0	0	0	0	0	0	0	0	0	0	0	6
ggyy1219	5.725978076713724	4	2	0	0	0	0	0	0	0	0	0	15
最后的犄角	3.8399826404016624	1	2	0	0	0	0	0	0	0	0	0	4
ggyy1219	5.725978195950479	4	2	0	0	0	0	0	0	0	0	0	15
0Ö0	5.360886269551442	4	3	0	0	0	0	0	0	0	0	0	92
水乌龟	4.425879101366016	13	8	0	0	0	19	0	0	2	0	3	86
PmmU	6.361319546528747	14	9	0	0	0	0	0	0	0	0	0	78
wang	5.7145924089777935	3	2	0	0	0	0	0	0	0	0	0	137
江左盟主霉长输	5.454706219780579	3	2	0	0	0	0	0	0	0	0	0	189
你们先上我1v5	5.302878561253923	3	2	0	0	0	0	0	0	0	0	0	111
月凤	5.3097454917019835	7	5	0	0	0	0	0	0	0	0	2	73
YY	5.728154416032328	3	2	0	0	0	0	0	0	0	0	0	33
Vernal	5.414531149336101	10	5	0	0	0	3	0	0	0	0	1	153
-Oink Oink-	4.331403223759734	0	1	0	0	0	0	0	0	0	0	0	36
boggey dude	5.222154054585831	2	2	0	0	0	0	0	0	0	0	1	104
Θ ａ ｍ ａ ｊ Ξ	5.8334728217519585	22	14	187	5	2893	102	0	1	5	0	63	139
Did I Hear a Squeak ?	1.6048657070033097	1	2	0	0	0	0	0	0	0	0	0	58
Lemons.Mosquito	1.7254675263944221	2	3	0	0	0	1	0	0	0	0	0	94
G✪✪Ny	9.235441672853403	11	6	0	0	0	2	0	0	1	0	4	272
Feanor	8.103241389696917	12	6	0	0	0	231	0	0	1	0	20	212
BeeFucker3000	8.290891823537681	29	35	0	0	0	74	0	0	9	0	13	99
Avery Bob	2.147451426284929	2	2	0	0	0	0	0	0	0	0	0	1
BeeFucker3000	8.290891966864754	29	35	0	0	0	74	0	0	9	0	13	99
Ptrocks12	3.955782188785312	6	4	62	0	0	60	0	0	0	0	9	267
GhodWraith	7.618847148186426	15	12	0	0	0	9	0	0	0	0	6	311
Pul$3	10.300749056963669	17	12	0	0	0	20	0	0	1	0	4	127
TRS_TheGentlemanSquirrel	14.623319147143478	16	6	0	0	0	5	0	0	16	0	12	349
Sparker	15.580544781347173	17	11	0	0	0	4	0	0	0	0	7	107
Crazylegs	15.57916065916035	10	2	0	0	0	0	0	0	1	0	3	28
raYGunn	14.61454788023805	11	3	0	0	0	0	0	0	0	0	8	64
Dubi	15.581637604823026	10	3	0	0	0	0	0	0	0	0	2	56
Derrific	14.659038757506684	11	6	0	0	0	0	0	0	1	0	9	77
pnatural	11.547097835691845	8	3	0	0	0	6	1	0	0	0	44	211
esö ♥	15.417982709341972	28	32	139	61	5014	57	2	0	5	0	83	284
{OTD}trix657	12.81539574914373	28	35	0	0	0	21	0	0	0	0	8	46
Daff	13.028759863823048	21	19	0	0	0	244	0	0	1	0	0	166
Checkmate	10.453377672147534	9	4	0	0	0	4	0	1	0	0	2	81
Colon Cancer	15.392479367948356	9	2	0	0	0	0	0	0	0	0	7	48
funkytown65	15.31048358027728	10	2	0	0	0	0	0	0	1	0	0	8
Colon Cancer	15.392479482056931	9	2	0	0	0	0	0	0	0	0	7	48
{OTD} ♣♣DRUNK Mc♣♣	11.059403507993487	15	11	0	0	0	56	1	0	3	0	16	150
aod	12.63162734986082	9	3	0	0	0	0	0	0	0	0	1	30
Blorgg	15.499987546599899	9	2	0	0	0	0	0	0	0	0	2	126
{OTD}BedBathAndBeyond[!]	14.387791058457008	9	2	0	0	0	0	0	0	0	0	7	127
otdq	11.445647094931399	12	4	0	0	0	7	0	0	2	0	5	188
{OTD}trix657	12.815396615606437	28	35	0	0	0	21	0	0	0	0	8	46
Monolith	12.116895142880749	9	2	0	0	0	0	0	0	0	0	1	21
Bepis	11.440669621860108	27	22	0	0	0	34	1	0	12	0	16	211
Hammer	14.400043810051137	8	2	0	0	0	0	0	0	0	0	2	15
dleary	14.39622684430621	13	5	0	0	0	7	0	2	0	0	7	69
Hateweaver	14.08411344954413	28	42	0	0	0	30	15	1	2	0	5	76
Topher	14.393765051537098	17	10	0	0	0	0	0	0	1	0	2	97
Onionman	11.754830908951694	11	3	0	0	0	0	0	0	0	0	2	42
kinda.	11.848962897698298	40	76	0	0	0	31	1	2	4	0	27	112
Gaming2Insanity(YT)	6.428092283884526	4	2	0	0	0	23	0	0	0	0	28	134
sma[N]i✡	7.047073463362873	11	6	0	0	0	5	0	0	2	0	7	152
OSMAN-[-__-]	4.232948917332373	23	25	98	14	1786	148	0	0	12	0	18	232
Soviet Wonder	3.8272199297704215	3	3	0	0	0	0	0	0	0	0	2	21
Muumuu - Road to DMG	3.8272887653998997	4	4	23	0	0	2	0	0	0	0	8	27
kjefen	5.311315519815809	11	6	0	0	0	1	0	0	0	0	1	118
Comandante	4.625052141934157	5	4	0	0	0	0	0	1	0	0	1	25
Rettiz	13.931558761607342	27	27	0	0	0	26	59	0	1	0	4	204
Yoku	9.228049456640177	8	3	0	0	0	68	0	0	0	0	2	83
Solid Snake	10.024818391500483	34	32	0	0	0	457	1	0	9	0	27	77
Daorys	5.712707773576777	41	35	0	0	0	25	0	0	1	0	93	362
holkone111	5.42749237161084	10	5	127	1	393	51	0	0	1	0	12	29
simone_manes	5.263354590687434	0	0	0	0	0	0	0	0	0	0	2	2
holkone111	5.427492493230368	10	5	127	1	393	51	0	0	1	0	12	29
Кс кс чк чк пк пк а	5.402912475437554	35	31	0	0	0	442	0	0	4	0	0	171
Skrull	5.285765849409507	21	21	0	0	0	229	0	0	1	0	0	99
sedomi_	6.852916715715136	27	28	375	1	1411	567	1	2	3	0	12	166
Sg. Bash	11.986414670023645	19	16	0	0	0	192	3	3	9	0	3	189
Archer	6.562614205609083	27	29	331	34	4125	730	0	4	7	0	34	38
eleven	5.600766259017895	15	9	0	0	0	20	0	1	2	0	4	10
pengwing	10.13209558588843	29	28	272	52	4513	191	1	0	5	0	7	75
zvezdochka	4.376693962018617	5	4	0	0	0	0	0	0	0	0	1	6
ЕБАНУТЫЙ !!!!	4.806530330611449	4	3	0	0	0	4	0	0	0	0	2	113
FT | Mr_TpeK_rM	4.515280824108316	7	5	0	0	0	26	0	1	1	0	5	13
GOATT	4.82022322754416	5	3	0	0	0	3	0	0	1	0	3	191
MoVe	11.716030397825659	8	3	0	0	0	2	0	0	0	0	4	62
zYaBa92	10.627004001282364	5	3	0	0	0	0	0	0	0	0	0	3
Mescaline	6.1856745999854255	6	4	0	0	0	0	0	0	0	0	4	171
Oxoxoryttle	4.784113515590658	6	6	0	0	0	1	0	0	0	0	0	29
Fruit Click	7.452391515249501	11	7	0	0	0	40	0	0	0	0	1	133
CS.MONEY Big Red	6.000079749693043	31	24	0	0	0	4	0	0	3	0	9	50
Nami	6.69045833543739	18	17	0	0	0	0	0	0	0	0	25	86
Sinan Al-azzawi	4.525150654048551	11	6	0	0	0	63	1	0	1	0	23	48
Daisuke	9.1940921873492	10	6	0	0	0	0	0	0	2	0	0	14
Sinan Al-azzawi	4.52515080867738	11	6	0	0	0	63	1	0	1	0	23	48
the first letter	4.477569691332969	25	22	232	192	5253	964	0	0	6	0	66	211
Vanorrow	4.265523819897628	6	4	0	0	0	2	0	0	0	0	7	0
Derparuni	7.966957928111466	9	5	145	9	3272	1	0	1	0	0	9	76
pizzadestroyer	3.565157825519891	3	3	0	0	0	0	0	0	0	0	5	31
-ÖtZi-	3.238924157367684	20	14	0	0	0	29	0	1	2	0	6	45
VITUN HENKILÖT	1.353824999760154	2	3	2	7	188	0	0	0	0	0	0	60
MR. BABAMON	0.32914931592533486	1	1	3	37	171	0	0	0	0	0	2	27
bensalenkkari	3.211366498838692	2	2	0	0	0	0	0	0	0	0	2	71
Ake	0.3671576530269065	1	1	0	0	0	0	0	0	0	0	0	5
bensalenkkari	3.2113666231102114	2	2	0	0	0	0	0	0	0	0	2	71
cassu	4.219282652965396	5	4	0	0	0	0	0	0	0	0	0	33
AT8	4.298446520373868	12	7	0	0	0	31	0	26	1	0	11	52
Iku	4.554312812810853	11	7	0	0	0	1	0	0	2	0	12	105
ChyneX	4.4174088300376875	20	15	0	0	0	0	0	0	1	0	24	78
Neekerib	7.779075960077191	10	5	0	0	0	0	0	0	4	0	47	93
Sneaky boi 1	10.353228691590665	21	17	0	0	0	119	0	0	7	0	1	179
seethedark	4.934568080672216	9	5	238	82	5076	0	0	0	1	0	0	31
ThomasHare	9.515616501245242	10	4	0	0	0	16	0	0	0	0	8	117
DoctorLeft	8.558129969120367	50	84	0	0	0	636	43	0	42	0	63	425
riplox - Josh	12.322428317689845	10	4	0	0	0	94	0	0	4	0	5	94
Tehglynn	14.860199612416588	12	4	0	0	0	0	0	0	0	0	1	19
riplox - Josh	12.322428479834535	10	4	0	0	0	94	0	0	4	0	5	94
Galaxative	9.51949664317845	12	10	0	0	0	187	2	0	5	0	17	59
Blah	10.371942658084592	10	6	0	0	0	212	5	0	2	0	10	104
BACC	7.390798333026095	12	7	0	0	0	623	0	0	25	0	28	137
tonguesmiley	6.310550770472854	6	4	0	0	0	2	0	0	0	0	2	19
stampede247	9.744067741815433	10	5	0	0	0	47	0	0	2	0	5	25
robbitay	9.21045092543884	6	2	0	0	0	0	0	0	0	0	1	3
stampede247	9.744067891609406	10	5	0	0	0	47	0	0	2	0	5	25
odyboy31	5.594416277987167	6	3	0	0	0	0	0	0	0	0	0	26
190745188	1.6620319237173027	2	2	0	0	0	0	0	0	0	0	0	21
SVD	2.300027065472803	3	3	0	0	0	16	0	0	0	0	7	251
Wurstbrot64	5.114809865060538	5	3	0	0	0	103	0	0	0	0	2	87
feuerkrieger24	3.307013153947667	4	3	0	0	0	0	0	0	0	0	0	10
Wurstbrot64	5.11481011358407	5	3	0	0	0	103	0	0	0	0	2	87
[UCF] Techno-Viking	9.746732175983295	17	17	0	0	0	2	0	0	4	0	1	90
[UCF] BBQBacon	3.981353100624289	9	9	0	0	0	6	0	0	1	0	4	42
DooDart	8.060402205182259	27	37	372	21	2281	3	1	2	1	0	11	76
luggeh	14.17250811878977	11	5	0	0	0	386	0	0	0	0	4	34
V3tex	14.227359590632535	10	3	0	0	0	3	0	0	0	0	3	49
BOT John	1.490445629753282	2	3	3	0	0	0	0	0	0	0	1	63
pr0x1	2.0029275882926574	3	3	0	0	0	0	0	0	0	0	10	214
Mr Rol1celxrd уу	1.463757614942779	0	1	0	0	0	0	0	0	0	0	69	37
DixonWD	1.2934773232362209	3	3	13	1	775	0	0	0	1	0	1	72
TWITCH It3_SeMa	3.4579220493214495	21	18	54	7	1499	166	0	0	3	0	16	58
eM2et^v^	1.8109463099836849	11	6	0	0	0	7	2	0	1	0	28	214
Gryfek | CS4F	2.98922738796465	3	3	0	0	0	0	0	0	0	0	4	62
KamPi GAMING- MAM VACA	1.6109885281367329	3	4	0	0	0	1	0	0	0	0	8	161
Warzywo Gaming	3.8583662822259703	12	6	44	19	1983	36	0	0	1	0	5	43
Maxylix06	3.572525857503767	11	6	0	0	0	1	0	7	0	0	8	66
Jebać Ulane Kurwy	2.9612363462849034	6	6	0	0	0	34	0	0	2	0	22	175
★Jaakarcho★ Key-Drop.pl	2.1696794273272375	4	4	0	0	0	0	0	0	0	0	2	84
I am TOXIC	2.2880671938972568	10	5	0	0	0	1	1	0	2	0	6	123
Ronaldinho of Cs	1.5130158024551994	1	2	0	0	0	0	0	0	0	0	0	30
CasyMo	2.238232476922959	4	4	0	0	0	0	0	0	0	0	57	258
pan	2.1969559347353	17	12	0	0	0	3	0	0	3	0	34	75
Juni0rBela	4.063163454584041	4	3	0	0	0	0	0	0	0	0	8	63
pan	2.1969561022275115	17	12	0	0	0	3	0	0	3	0	34	75
rootxaw	2.9949042089406315	50	40	94	8	2292	3	1	0	2	0	5	197
CENGİZ KURTOĞLU	3.5486976681476783	4	3	0	0	0	13	0	0	0	0	16	87
Ateşli	4.043715072154954	0	0	0	0	0	0	0	0	0	0	0	2
Ege Man	2.109793493706402	10	8	0	0	0	3	0	0	1	0	3	89
R.I.P.Cem.xx	2.7635915683420826	4	4	0	0	0	0	0	0	0	0	9	89
мяcιχ	2.9831670365262037	4	4	0	0	0	0	0	0	0	0	0	263
Fasmank /C/	6.008433935258177	11	6	6	41	2726	2	0	0	1	0	10	258
D I E C H O N I A -	7.271376397489345	11	5	0	0	0	6	0	0	1	0	9	128
gulyan	5.7472513515896395	8	5	0	0	0	4	0	0	1	0	25	87
Elmundo	6.395221831075791	6	3	0	0	0	0	0	0	1	0	1	19
uP!	7.608904159775638	6	3	0	0	0	0	0	0	0	0	0	7
acemok	4.192486209298484	8	5	0	0	0	0	0	0	0	0	4	15
teoska	8.420059799053112	26	22	1148	0	879	3	0	0	27	0	39	69
Miller	3.331522343467594	70	238	684	0	2999	0	0	0	1	0	125	245
DreamGuardian	3.1728066202967393	65	106	288	0	2608	5	0	0	2	0	318	338
Two'K	5.156780800121341	40	66	118	30	2993	91	0	16	7	0	51	236
>KEX<	3.647245116111464	24	24	0	0	0	30	1	0	3	0	44	298
Xenos7877	1.8216490006693529	3	4	0	0	0	0	0	0	0	0	1	112
WaRdolfo	5.369967068014813	36	29	66	139	7138	113	14	0	2	0	5	249
Ketrab	6.871114421137482	28	20	351	4	5687	191	1	0	1	0	16	117
Bazinga	5.14244983963053	6	4	0	0	0	0	0	0	0	0	1	12
Kreezio	2.462958618238606	5	5	0	0	0	0	0	0	1	0	17	92
Sharrky Smurf	4.120307428287264	4	3	18	0	1553	24	0	0	0	0	16	255
LindenPower	4.549037197633625	22	21	0	0	0	306	0	1	2	0	38	96
Gr3g0r	8.003739314530083	23	21	0	0	0	18	1	0	1	0	46	163
Getscho	6.123937651760623	5	3	0	0	0	1	0	0	0	0	6	20
Digga-Nigga	5.443823147607857	0	0	0	0	0	0	0	0	0	0	0	2
Getscho	6.123937801336914	5	3	0	0	0	1	0	0	0	0	6	20
Raffaello_27	4.109615568958302	3	2	0	0	0	0	0	0	0	0	2	5
Deagle King	4.446048698075513	5	4	0	0	0	0	0	0	0	0	1	47
HGK-D€XT€R	5.290960268357929	10	6	0	0	0	0	0	0	0	0	1	17
orcopas	6.635207717626213	10	6	159	1	2165	2	0	0	1	0	1	17
smallwiener	5.126275657796318	37	37	0	0	0	11	0	0	1	0	7	102
B@↯↯* Pinguin☭	6.192239158488716	17	11	0	0	0	12	1	0	1	0	14	202
CorzaX24	8.440493850446101	7	3	0	0	0	2	0	0	1	0	3	52
B@↯↯* Pinguin☭	6.1922393791918555	17	11	0	0	0	12	1	0	1	0	14	202
M.K	6.07197038764944	5	3	0	0	0	3	0	0	0	0	0	35
B@↯↯* Pinguin☭	6.192239549245547	17	11	0	0	0	12	1	0	1	0	14	202
ŦẮŁĨ฿	7.274087379024506	15	7	0	0	0	61	1	0	1	0	11	56
Низкосортная ЗаЛупа	6.087497530965886	9	6	0	0	0	0	0	0	1	0	0	26
ласточка4444	4.190371039686674	5	4	0	0	0	0	0	0	0	0	5	67
C҉҉R̵̵̡IM̛S̵͞ON͡ ͏E̴͢Y͝E҉	5.18433983841884	19	14	0	0	0	6367	4	0	20	0	69	139
Deadmul	5.6306541370066405	21	20	0	0	0	0	0	0	1	0	8	21
Г. Семеченко	5.106520551161974	10	7	173	8	3531	100	0	7	3	0	24	127
MR H Hattyngton	4.238599318308638	5	4	0	0	0	0	0	0	0	0	0	4
Фраерок Сосок	4.833070802404048	16	13	121	0	0	17	0	1	0	0	19	24
Denis Petux	3.625807002288581	6	5	0	0	0	20	0	0	0	0	23	107
✪KeNi	3.03572248536374	5	3	0	0	0	7	0	0	0	0	9	59
silvtoglob	3.371150872632604	3	3	0	0	0	0	0	0	0	0	1	25
CLEMENT	4.175580037511057	4	3	0	0	0	2	0	0	0	0	3	35
CLEMENT	1.660273533205607	2	3	0	0	0	0	0	0	0	0	2	29
-ST-sm1le(ВСЕМ ПОКА)	3.2665273637301664	3	3	0	0	0	0	0	0	0	0	0	74
Привет	1.770457266032953	12	8	62	41	1943	33	1	0	2	0	18	76
ТРИ ЯЙЦА	0.9489350857369976	12	6	1	50	1046	68	0	0	0	0	4	309
patt	1.1426221850848572	2	3	0	0	0	0	0	0	0	0	6	55
L1MoN4IK	0.9325502455239064	2	2	4	0	103	0	0	0	0	0	2	30
Я 🅳🅰🆃🆂🅴🅽🆃	3.0939086346893987	23	14	0	0	0	24	1	0	1	0	8	111
MoRoK	3.994388589042363	7	5	0	0	0	8	0	0	0	0	2	10
GEF	7.805461650869874	5	3	0	0	0	0	0	0	0	0	0	6
sanya1killer31rus	8.573605452321624	8	4	0	0	0	1	0	0	0	0	18	24
GEF	7.805461770191011	5	3	0	0	0	0	0	0	0	0	0	6
MoRoK	3.9943888579124596	7	5	0	0	0	8	0	0	0	0	2	10
GEF	7.805461914781369	5	3	0	0	0	0	0	0	0	0	0	6
MoRoK	3.99438899246206	7	5	0	0	0	8	0	0	0	0	2	10
Я 🅳🅰🆃🆂🅴🅽🆃	3.0939091610396607	23	14	0	0	0	24	1	0	1	0	8	111
+ ღ★ДūМaҪÎҞ★ +	2.0444217854367785	11	7	8	7	705	6	1	0	1	0	2	60
👑Evgen Anisimov👑 CSGO500	7.352448890911457	117	224	195	34	3949	1782	8	9	5	0	16	107
Stark	6.2232285284443085	13	10	0	0	0	45	1	0	2	0	7	68
FANAT KFC	6.490161214783765	12	6	0	0	0	71	1	0	1	0	6	186
Кот Баюн42rus	4.487811554522327	14	11	0	0	0	0	0	0	1	0	0	44
МАЖОР	2.3230088465092815	11	6	35	0	739	12	0	0	3	0	5	58
𝔸𝕒𝕫𝟙𝕝𝕝𝕒	2.3562835103618665	10	6	9	36	978	3	1	0	2	0	9	64
AntoZ64	3.9919671354949595	12	8	0	0	0	20	0	0	2	0	15	84
Defuse7274	3.3015305233440353	6	5	0	0	0	0	0	0	0	0	5	57
Bot Victor	3.6771922912043644	7	5	20	48	3201	58	0	0	0	0	81	270
davidppeterc	3.4458170643697636	13	8	0	0	0	0	1	0	1	0	38	260
๖ۣۜAquaBalls	13.973075992646374	10	5	0	0	0	27	0	0	1	0	20	70
Datumrojstva	10.646465359672435	12	5	0	0	0	4	1	0	1	0	21	100
๖ۣۜAquaBalls	13.973076142276781	10	5	0	0	0	27	0	0	1	0	20	70
entersextion	1.8052443678461767	3	4	0	0	0	0	0	0	0	0	1	139
ALI.R	1.5622272153416679	0	0	0	0	0	0	0	0	0	0	0	4
SK|Coldzera	1.8498469375691429	3	4	0	0	0	0	0	0	0	0	0	52
mhamad06	1.488074111644944	1	2	0	0	0	0	0	0	0	0	0	3
Spy	5.274196563395394	10	5	0	0	0	0	0	0	0	0	1	276
noob	2.8159747268072106	0	1	0	0	0	0	0	0	0	0	0	41
The Father 1	5.0722754599403705	6	4	0	0	0	5	0	0	0	0	0	96
VƎNOM	3.9412759672469186	3	3	0	0	0	1	0	0	0	0	0	61
Zicho	5.8015040342666175	5	4	0	0	0	12	0	0	0	0	2	135
snshi彡Ṧђ乀DARK M3	6.134995884799983	4	2	0	0	0	0	0	0	0	0	0	103
M5 HOoniGan	3.5747372331185456	0	1	0	0	0	0	0	0	0	0	1	9
...@....	2.3964705005204436	2	2	0	0	0	0	0	0	0	0	4	82
xD	3.1363035623797875	0	0	0	0	0	0	0	0	0	0	0	20
schiZoe	5.706505683160151	17	14	0	0	0	20	0	0	1	0	2	262
N D	6.008840311539251	5	3	0	0	0	0	0	0	0	0	0	68
DamnGudShawty	6.308785678013396	6	5	0	0	0	6	0	0	0	0	0	61
Mu	9.616229078665619	10	5	0	0	0	1	0	0	0	0	5	90
[=IT_AR=] Buck40k -	11.383728930374	27	22	0	0	0	43	1	0	8	0	45	127
Lamedoro	10.103174648119623	8	3	0	0	0	17	0	0	0	0	2	28
Franze	8.367175218834074	5	2	0	0	0	11	0	0	0	0	3	25
=SPQR= Gen.Plebbeus	7.956544124240873	4	2	0	0	0	0	0	0	1	0	2	21
filippo.amerini	10.060029682281476	7	3	0	0	0	1	0	0	0	0	5	15
nicorobin	9.573088680281561	5	2	0	0	0	0	0	0	0	0	17	45
fermer82	8.616910468761318	5	2	0	0	0	0	0	0	0	0	8	2
[BearHug]AIGIR{CEZ}	10.170684645598618	6	2	0	0	0	63	0	0	0	0	6	163
Mouse	9.38374939692481	5	2	0	0	0	42	0	0	0	0	8	12
[Svoi] Drugs	9.031477542635422	5	2	0	0	0	1	0	0	0	0	3	19
ХУЙ	9.155916466996723	10	6	0	0	0	0	0	0	0	0	1	28
o0Plas	4.226756222235074	10	4	166	30	1937	7	1	0	1	0	1	68
wizard_83	5.285349026659074	9	5	0	0	0	1	0	0	0	0	4	23
o0Plas	4.226756395973028	10	4	166	30	1937	7	1	0	1	0	1	68
kabyliece	2.4770314568172003	3	3	0	0	0	0	0	0	0	0	1	29
Veedazz	3.183222984001524	3	3	0	0	0	0	0	0	0	0	0	5
kabyliece	2.4770315862497077	3	3	0	0	0	0	0	0	0	0	1	29
Nastu	6.125888072783492	6	4	0	0	0	0	0	0	0	0	3	23
LexC	8.12895751340239	123	207	227	21	4691	86	1	1	5	0	194	435
♛OlleGaming♛	5.518776038076122	8	5	0	0	0	0	0	0	0	0	17	65
KQLY	4.35010430564985	5	4	0	0	0	1	0	0	1	0	15	61
Mugge	3.671190579193519	6	5	0	0	0	3	0	0	0	0	5	160
Honk3N	4.410534367791291	4	3	0	0	0	0	0	0	0	0	13	177
Raban #Nr0	6.317216494929974	5	3	0	0	0	1	0	0	0	0	1	74
Adde	12.306915523248025	13	5	0	0	0	40	0	0	1	0	21	246
AggiiiArt	6.6990119996736315	14	10	145	38	6466	32	0	0	1	0	43	289
Slavkica	5.326210047609662	5	3	0	0	0	0	0	0	0	0	4	129
zRoOpEz	6.6107673040849635	14	9	0	0	0	3	0	0	1	0	18	172
StyckadDase^^#	6.290142465209278	5	3	0	0	0	1	2	0	1	0	6	24
^8<^13	9.30467203270311	4	2	0	0	0	0	0	0	0	0	3	20
rå' ^0cuibey	9.39775486007747	6	2	0	0	0	0	0	0	0	0	1	15
mästerrunkarn	7.783634744505715	6	4	0	0	0	1	0	0	0	0	1	10
TUSKIN	8.501485267068961	10	7	0	0	0	2	6	4	2	0	18	49
elpotatis	7.150794634190996	8	5	0	0	0	7	0	0	1	0	6	68
BLÄRRIN I VÄDRE	6.229886707979757	15	9	0	0	0	5	1	0	1	0	6	29
♔Benz♔	6.351075450484414	11	8	0	0	0	1	0	0	1	0	7	78
James Homeless	6.123518772885748	6	4	0	0	0	2	0	0	0	0	2	46
BIG OPPAI	2.205866248792104	3	3	4	6	797	0	0	0	0	0	1	78
GniZ	3.2823074208102225	4	4	0	0	0	0	0	0	0	0	10	78
Br!zz_baN	2.2749612818018385	5	4	0	0	0	0	0	0	1	0	8	64
Black Dragon	2.5733300301435253	24	31	181	25	2080	81	1	1	13	0	12	185
Shout	3.658209385646775	5	4	0	0	0	4	0	0	0	0	8	78
sleepy	10.687159270157311	8	3	0	0	0	2	0	0	0	0	2	16
mtinka	5.293114147115077	5	3	0	0	0	1	0	0	0	0	12	112
LuckYBreak	5.837966238660642	11	5	0	0	0	11	0	0	0	0	0	92
cheesymate	15.580938993360158	10	3	0	0	0	0	0	0	0	0	4	167
AuD1o	15.555871546773355	9	2	0	0	0	0	0	0	0	0	2	43
aleX	14.277443392282455	8	2	0	0	0	0	0	0	0	0	0	23
CONNE	15.569251865214275	9	2	0	0	0	0	0	0	0	0	5	111
✔\ccuser	8.386261818779923	6	3	0	0	0	0	0	0	0	0	8	36
Hache	9.301507444869202	9	5	0	0	0	0	0	0	1	0	1	33
Cara Delevingne	3.243851308467854	2	2	0	0	0	0	0	0	0	0	0	9
spooks	15.553592403082686	10	4	0	0	0	0	0	0	0	0	1	59
Jurgass	9.813474979171733	8	3	0	0	0	0	0	0	0	0	3	27
BreitSamer	7.066196247564732	15	12	0	0	0	76	0	0	1	0	5	16
zkai1	11.188929857430036	16	12	0	0	0	65	0	0	1	0	4	42
BreitSamer	7.066196491089071	15	12	0	0	0	76	0	0	1	0	5	16
irnik	13.438971287939381	9	3	0	0	0	0	0	0	0	0	2	15
seryoga	10.595310743991659	6	2	0	0	0	0	0	0	0	0	1	6
ĐʀĘаΜĘƦ^__	10.622761077602794	6	2	0	0	0	0	0	0	0	0	0	23
Mampfred_Schweiss	10.655293556001633	6	2	0	0	0	0	0	0	0	0	4	16
Mr. Tyler	6.7562140760448814	11	5	0	0	0	0	0	0	0	0	0	36
PandaBeer [GER]	13.008165093502988	15	8	0	0	0	0	0	0	2	0	4	70
Monkey	6.10462635669079	29	19	198	37	5039	3	0	1	0	0	15	77
Where's your God now ?	3.629730313983614	12	6	0	0	0	8	0	0	0	0	4	107
OLOLORSAKATES	4.395024495916604	8	4	0	0	0	0	0	0	0	0	4	62
BaBaam^Just4Fun	13.355159011418454	10	4	0	0	0	0	0	0	0	0	33	113
^fun #lanstark	12.480028012508338	10	4	0	0	0	0	0	0	1	0	47	284
HENTAI	5.14637615084156	26	21	0	0	0	52	1	0	3	0	112	301
Gorec	3.3562221722263312	6	5	0	0	0	0	0	0	0	0	4	169
Huracan	3.5426343105249236	7	6	0	0	0	4	0	0	0	0	2	42
ℋนŤ₱Ở	8.632784759654763	45	52	0	0	0	11	1	0	8	0	5	16
Tamagon [ruvr.tk]	12.816534750809513	20	13	0	0	0	21	0	0	11	0	4	74
arbekonator	7.620490358767831	5	2	0	0	0	0	0	0	0	0	1	7
Tamagon [ruvr.tk]	12.816534887177344	20	13	0	0	0	21	0	0	11	0	4	74
Lezvie	10.106187809079348	21	19	0	0	0	153	1	0	2	0	1	17
pavel	7.638550892386913	5	3	0	0	0	9	0	0	0	0	1	3
Lezvie	10.106187948305063	21	19	0	0	0	153	1	0	2	0	1	17
tip1978	11.164530141590847	11	8	124	14	2925	0	0	1	4	0	2	49
Miken	12.170106864015306	13	9	0	0	0	0	0	1	0	0	1	34
Bilbo_tea-baggins	2.136712489239429	11	7	31	140	2320	0	1	0	0	0	0	22
хочу член в анал	2.6075110547761065	7	6	0	0	0	81	0	0	1	0	4	36
CyXaPuK	0.32574019240490804	0	0	0	0	0	0	0	0	0	0	2	16
Артём	2.5740203165582582	14	9	30	60	677	37	1	0	4	0	1	138
CrYoZ	0.5599606069923582	3	3	0	0	0	2	0	0	0	0	2	33
БОГ ✓AWP✓	0.534739465430772	7	3	18	0	395	1	0	0	1	0	2	30
XyJluMycopa	3.1210134659518465	14	13	67	0	1547	38	1	0	2	0	0	4
MexaNik	0.4224257877812145	7	5	23	27	259	6	0	0	1	0	1	21
Toks (VAC)	0.3775565113784138	0	1	6	0	89	0	0	0	0	0	1	19
Jesus! Sorry...	1.2605968005344201	2	3	0	0	0	0	0	0	0	0	1	93
𝔼𝕗𝕖𝕟ℕϟϟ	0.6060636231793192	0	1	3	3	87	0	0	0	0	0	8	31
eruhlu_muhdi	0.9696610649035462	2	2	16	34	127	7	0	0	0	0	3	31
TedaşBae BaseBuilder**	1.2880135686911343	2	3	0	0	0	2	0	0	0	0	12	87
YengecYT	1.6223348522361978	0	0	0	0	0	0	0	0	0	0	3	25
hodron	3.265978687848327	8	4	0	0	0	1	0	0	0	0	36	136
Jayce	0.14030571091327795	0	0	0	0	0	0	0	0	0	0	0	8
hodron	3.265978814710818	8	4	0	0	0	1	0	0	0	0	36	136
XANA_MNЕ	1.3564835141560545	2	2	6	0	0	0	0	0	1	0	0	36
π1nGer™✓×_×	0.6310827972870652	0	1	1	14	82	0	0	0	0	0	1	1
XANA_MNЕ	1.3564836346557196	2	2	6	0	0	0	0	0	1	0	0	36
делаю грязь	1.9758937703941164	3	4	0	0	0	13	0	0	0	0	12	158
运行我的宝贝 ❤	1.1349449268863823	3	4	0	0	0	0	0	0	0	0	0	10
ОПА_ТЫ_НА_youtube	2.7236584836952824	12	6	27	44	1569	4	3	0	2	0	3	18
FV	2.2083539022799754	6	5	0	0	0	1	0	0	0	0	2	46
ОПА_ТЫ_НА_youtube	2.7236586537302174	12	6	27	44	1569	4	3	0	2	0	3	18
3R3MTSRK	3.118254419692817	3	3	0	0	0	1	0	1	0	0	4	55
The Fox:3	7.349091812163901	7	5	0	0	0	16	0	0	0	0	4	64
R4mpage	6.2678278292738385	4	2	0	0	0	0	0	0	0	0	1	9
[FON] Ak-47	7.958753248782001	5	2	0	0	0	0	0	0	0	0	3	19
БоРщЕц(РуЛиТ)	6.196180662771036	4	2	0	0	0	0	0	0	0	0	0	2
Suppey	6.276910241676921	11	7	0	0	0	131	0	0	1	0	24	63
Alvarez	8.000526358473223	20	16	0	0	0	357	0	0	0	0	6	85
BlackKnight	6.06660017824545	19	19	0	0	0	73	1	0	4	0	9	60
SapporT EAsy	4.375784871279422	4	3	0	0	0	1	0	0	0	0	0	30
JON GOLT	4.37612359401781	5	5	0	0	0	0	0	0	0	0	4	83
ГУЛЯШЬ	6.799513242643014	8	4	39	0	386	13	0	0	0	0	19	182
Tsvetkov	9.033096170159084	9	4	0	0	0	0	0	0	0	0	7	81
CAPITAINE COMRADE	10.476750913962086	8	3	0	0	0	0	0	0	0	0	10	26
karbofos	8.125383243906603	7	4	0	0	0	4	0	0	0	0	1	19
Hubbs	12.831328182002537	57	58	0	0	0	48	4	0	3	0	17	61
daserhawer	12.871187274831986	17	11	0	0	0	13	2	0	2	0	3	27
apm70	6.9952350908242495	5	3	0	0	0	4	0	0	0	0	1	40
ДД	5.948277299020214	3	2	0	0	0	0	0	0	0	0	0	15
notawake	7.581376518939971	7	4	0	0	0	0	0	0	0	0	0	14
655321	9.202525530719994	6	2	0	0	0	0	0	0	0	0	0	45
notawake	7.58137673440131	7	4	0	0	0	0	0	0	0	0	0	14
Lama	11.249166674962796	9	3	0	0	0	4	0	0	0	0	0	27
Bonnibel	4.432501824625286	4	3	0	0	0	0	0	0	0	0	0	15
Teddy_Bright	8.279931811699804	6	3	0	0	0	2	0	0	0	0	0	9
ivalll(RUS)	10.14360387471768	10	5	0	0	0	2	0	0	0	0	1	47
Hoffmaestro	8.583660034705009	13	6	0	0	0	7	0	0	1	0	5	137
latobot	8.290828820928212	7	4	0	0	0	0	0	0	0	0	0	34
Kosai	14.3019990988567	8	2	0	0	0	0	0	0	0	0	0	21
xMR-Dark	4.019545730154294	10	5	0	0	0	9	0	0	1	0	4	207
HANTER_BOY	0.5720293398695299	0	1	0	0	0	0	0	0	0	0	0	50
LORDOFCLUNN	3.0804218715790532	2	2	0	0	0	0	0	0	0	0	1	248
Hommii-	4.636033211624884	3	2	0	0	0	0	0	0	0	0	1	101
Jo_Park_ChoreoZ	3.7013055588718844	3	3	0	0	0	0	0	0	0	0	0	81
Coup De Grace	3.847399388112404	0	0	0	0	0	0	0	0	0	0	0	10
Pachacuti of the Great Inca	5.441984395683106	11	6	55	0	0	10	0	0	0	0	4	176
BARU KERJA LANGSUNG SP3	9.401660699585355	8	3	0	0	0	7	0	0	1	0	6	82
BabyANGEL48	2.0056480156289616	3	3	0	0	0	0	0	0	0	0	0	3
BARU KERJA LANGSUNG SP3	9.401660822074813	8	3	0	0	0	7	0	0	1	0	6	82
Astral	5.819819845906849	10	6	0	0	0	0	0	0	1	0	1	130
サスケ	6.431216376802194	42	35	0	0	0	23	1	0	7	0	13	250
Deal	3.4791444837374246	5	3	0	0	0	0	0	0	1	0	80	253
_THM_  #KING	3.28194907855422	10	6	0	0	0	34	0	0	1	0	23	72
Kvinly	3.5750056665449472	30	28	172	0	2439	17	0	0	1	0	3	100
Мисяо Касяо	3.3044827798072576	4	4	10	0	1343	10	0	0	0	0	19	102
i love cs go	3.9212051510522885	10	6	0	0	0	50	0	0	3	0	3	172
[VG]-Andro1D 0_o	6.315588520263526	5	3	0	0	0	0	0	0	0	0	0	52
Elza	2.7456655854100975	1	1	0	0	0	0	0	0	0	0	0	31
GADDDOX	5.972516105377284	7	5	0	0	0	7	0	0	1	0	1	68
радость моя csgo-happy	7.89114966706056	6	3	0	0	0	3	0	0	1	0	52	59
Shokov	2.1017765189669326	5	4	0	0	0	3	0	0	1	0	11	108
ОГОНЬ В ГЛАЗАХ	5.581889720901461	5	4	0	0	0	0	0	0	0	0	2	31
Shokov	2.1017766432807883	5	4	0	0	0	3	0	0	1	0	11	108
ОТЕЦ ИГРЫ	7.408980425626486	10	5	0	0	0	24	0	0	1	0	3	41
