Mira Khalifa	4.583532890284306	6	4	19	0	418	3	0	0	0	0	4	45
^^Slepxwalking^^	7.279691031319048	5	3	0	0	0	8	0	0	0	0	8	17
X3oNZ.	8.132154311475128	31	28	284	5	6110	23	1	0	2	0	5	57
^^Slepxwalking^^	7.279691158101114	5	3	0	0	0	8	0	0	0	0	8	17
lencH 🐨	5.410472954209967	34	26	0	0	0	58	6	3	1	0	1	39
6 ft under	9.389067632917014	21	21	159	0	0	25	0	0	1	0	11	36
Jugger	8.342690223766803	38	45	0	0	0	103	2	0	5	0	65	120
gergelypuskaval	4.7668026726166275	6	3	0	0	0	48	1	17	0	0	1	41
acepiolot_Ash	5.067234592923805	4	3	0	0	0	3	0	0	0	0	1	3
gergelypuskaval	4.76680284240355	6	3	0	0	0	48	1	17	0	0	1	41
IsEstredundant	4.79079469659582	6	5	0	0	0	539	0	51	1	0	4	30
Karen	7.254979631069097	50	42	192	12	3810	318	0	5	21	0	16	50
EmpathicSpade86	6.945122696664469	11	7	0	0	0	49	0	1	10	0	1	40
Plandiss	7.950567395829084	25	26	311	60	3764	20	13	0	5	0	2	61
Deldour	7.950607363111406	8	4	0	0	0	0	0	0	1	0	1	12
Travision	15.579586833088511	12	5	0	0	0	22	0	0	0	0	1	41
The Hulk	3.8293426817914655	5	3	0	0	0	3	0	0	1	0	1	43
MikeVancouver	6.623562564691232	34	44	0	0	0	199	0	0	4	0	5	105
comp-	3.4202195648685407	3	2	0	0	0	0	0	0	0	0	0	5
jedimasterchad93	5.297203215426559	5	3	0	0	0	0	0	0	0	0	0	13
Reconman52	4.952684099486187	5	3	0	0	0	0	0	0	0	0	0	27
GetUpInThat	7.253937044767349	10	5	0	0	0	0	0	0	2	0	1	19
Pulver	6.261593918188945	6	3	0	0	0	0	0	0	0	0	1	40
Sir_Banana	6.568567393235744	4	2	0	0	0	0	0	0	0	0	0	8
Sun	6.084020874088976	11	6	0	0	0	1	0	0	0	0	0	16
Ditho67	6.598853097442117	8	5	0	0	0	0	0	0	1	0	4	41
𝓸𝓷𝓲𝓲𝓬𝓱𝓪𝓷	2.171034497807068	5	4	0	0	0	0	0	0	0	0	1	8
hi	2.7527906016323436	90	100	108	86	1625	35	0	8	4	0	18	164
JRAM23	7.790303643823366	11	7	76	20	881	1	0	0	1	0	1	24
k8laminte	3.5851773135070037	12	5	0	0	0	0	0	0	1	0	0	15
H0wl1nmadmurd0k	2.684775423414699	5	3	0	0	0	15	0	0	1	0	0	13
xXMotherGooseXx	7.063765833346978	7	6	0	0	0	1	0	0	0	0	7	12
Phopho	5.374210627931892	6	5	0	0	0	0	0	0	1	0	1	31
Señor 6eis9ueve	6.480607989590878	8	4	0	0	0	0	0	0	0	0	5	39
emokidsdad69	5.856039213611996	7	4	0	0	0	2	0	0	0	0	1	23
Azgiants12	4.096784013233138	6	5	0	0	0	0	0	0	1	0	0	18
(◕◡◕✿)	7.381632348666497	7	3	0	0	0	0	0	0	0	0	2	53
Señor 6eis9ueve	6.480608244302157	8	4	0	0	0	0	0	0	0	0	5	39
Jackie Chan	7.648461505456882	8	3	0	0	0	0	0	0	1	0	0	40
[DOGS] GAS GAS GAS	9.867720306292554	13	6	0	0	0	40	0	0	0	0	0	49
WUTANG CLAN AINT NOTHING TO FUCK	8.886136559785502	9	4	0	0	0	13	0	0	1	0	19	144
Yao Dance Party	3.746134564532423	0	0	0	0	0	0	0	0	0	0	0	2
WUTANG CLAN AINT NOTHING TO FUCK	8.886136709800693	9	4	0	0	0	13	0	0	1	0	19	144
The Totalist	6.71117526536281	15	10	0	0	0	8	0	0	0	0	23	46
0000güy	4.681736093874096	4	3	0	0	0	2	0	0	0	0	0	8
The Totalist	6.711175418577169	15	10	0	0	0	8	0	0	0	0	23	46
flyingbullet15	5.207981897526279	0	0	0	0	0	0	0	0	0	0	1	1
The Totalist	6.7111755670621	15	10	0	0	0	8	0	0	0	0	23	46
Madness505	6.7870745331695295	25	25	541	38	5588	251	0	0	4	0	16	53
Lovable Lop	12.051820707731723	16	11	0	0	0	10	0	0	4	0	24	130
Dicey_69	4.280581741510953	4	3	0	0	0	1	0	0	0	0	3	47
Austiir	2.4735854236670765	12	7	18	3	2325	5	0	0	0	0	1	195
Rabert	2.873383642889397	7	6	34	7	2326	9	0	0	1	0	3	189
Dude	3.072387906335071	3	3	0	0	0	0	0	0	1	0	4	46
Ahoy	5.149295235631877	6	4	52	1	1106	0	0	0	0	0	2	85
snoopS	7.352536747838589	37	36	0	0	0	35	1	1	3	0	9	50
FullMetal	3.7463267099263398	4	3	0	0	0	0	0	0	0	0	0	55
CommandoCal	5.782286055200833	4	2	0	0	0	0	0	0	0	0	0	40
Lawrent	7.7215797462571265	11	6	0	0	0	0	0	0	3	0	0	57
Oishī kēki	4.500148886351613	5	4	0	0	0	43	3	2	0	0	0	14
Razheer	8.1267463146641	10	7	0	0	0	3	1	0	5	0	2	14
✪ Maia	3.6820374273941607	24	26	0	0	0	31	0	0	1	0	9	44
MUTHZERA"RECICLE"	7.413373933278292	6	4	0	0	0	1	0	0	0	0	7	270
Fp	4.588227550680076	10	8	71	6	2818	10	0	0	0	0	62	180
canguru	3.284093262010256	25	18	0	0	0	66	1	0	3	0	3	12
GilvaN	5.480645603819041	17	13	86	24	2216	24	0	0	3	0	47	175
thund3r_ac	3.9958052977894702	13	9	44	49	2790	204	2	0	1	0	6	197
✪ GamePlay Sem Quality	2.646344673119814	5	4	22	21	489	0	0	0	1	0	6	95
Veeniharthmann	0.9415829985056249	2	2	0	0	0	0	0	0	0	0	0	74
Papalegolas	2.4517942110813027	3	3	0	0	0	0	0	0	0	0	3	30
Cu de Anu	7.204706804873737	6	4	0	0	0	3	0	0	0	0	46	144
⎛⎝SHOGUN⎠⎞	7.173088234342147	14	9	108	0	4785	2	0	0	0	0	29	211
^8[FAR]-^5G^0uerreiro d ^5F^0e	9.372734667565112	7	3	0	0	0	4	0	0	1	0	0	49
nielton_neves	3.8047536363512853	0	0	0	0	0	0	0	0	0	0	0	2
sbZERO|gtx	10.335822532974051	8	4	0	0	0	0	0	0	0	0	24	300
FARP	1.607427748716056	1	2	0	0	0	0	0	0	0	0	7	115
ICEKAUÃ	3.0395494763725286	3	3	0	0	0	1	0	0	0	0	14	71
inf - enf	1.4598934574909148	2	3	0	0	0	0	0	0	0	0	3	74
Coisa de Gamer	0.24131601974079295	0	0	0	0	0	0	0	0	0	0	0	2
Motta.exe	1.0373316805815407	18	9	14	0	1485	16	1	0	2	0	45	128
TriLoco	0.911238172299264	27	32	22	0	0	29	0	0	2	0	30	83
Gaarcia	6.634139998669275	8	4	0	0	0	2	0	0	1	0	0	93
RodriguesGamerYT™	3.3445395281418726	22	21	167	0	0	142	1	9	2	0	6	82
Ex.® Leandro N. 037[br]	4.146955488311744	6	5	61	0	1491	39	1	0	0	0	37	36
PauloN19	5.265594208128444	10	4	0	0	0	51	1	0	4	0	26	221
ptorress	2.4985679019506075	3	3	0	0	0	10	0	0	0	0	2	2
PauloN19	5.265594372216349	10	4	0	0	0	51	1	0	4	0	26	221
Q.R.A PATOLINO BR	4.520257387372525	0	0	0	0	0	78	0	0	4	0	7	39
EXETRIME-BELLAVER®	5.223517652237229	6	5	0	0	0	1	0	0	1	0	6	92
™GLaDOS AL CAPONE	4.730710592396804	8	5	89	0	9182	0	0	12	1	0	26	263
Rodrigo	0.8525773883927509	0	1	0	0	0	0	0	0	0	0	0	6
PeixeAquatico	6.416215140822808	10	7	81	32	911	0	0	0	2	0	3	28
PiOlhoO	3.4513544799864047	3	3	0	0	0	0	0	0	0	0	5	43
WELL	1.2840269913835645	2	3	0	0	0	0	0	0	0	0	6	103
Diego Groehs	6.097703109802351	5	3	29	0	1186	1	0	0	0	0	7	90
a t a de mafra	3.419654775535528	16	11	0	0	0	0	0	0	1	0	10	114
<NTC>	2.979894928987818	2	2	0	0	0	0	0	0	0	0	2	5
JAAMPER	4.675874406267292	16	14	0	0	0	10	0	0	2	0	8	51
sbr.prt	6.103507142377022	15	14	96	0	758	28	1	0	9	0	14	58
Marcola	2.3530730580665824	4	4	0	0	0	27	0	0	1	0	9	94
.	0.6787388266196852	2	2	0	0	0	0	0	0	0	0	10	110
LurNi3r	1.2764786731102997	9	6	33	1	714	0	1	0	1	0	13	123
Goldman/*	1.3316488633569745	3	4	0	0	0	0	0	0	0	0	2	61
AMARELO	3.383220616326833	3	3	0	0	0	0	0	0	0	0	2	81
NÓINHA DA COR COR	1.493153089787673	0	0	0	0	0	0	0	0	0	0	0	2
Dedo NERVOSO	1.3317222222049623	2	3	0	0	0	0	0	0	0	0	0	60
๋	1.1412937213393153	5	5	0	0	0	0	0	0	0	0	8	14
Dedo NERVOSO	1.3317223865373495	2	3	0	0	0	0	0	0	0	0	0	60
☠ֆƬ℟ⅈ₭∌ℜ☠	0.8848131823529225	2	2	0	0	0	19	0	0	1	0	11	140
Zeej	2.8870272905415675	6	6	32	33	1130	18	0	0	2	0	4	298
Rafael (민 준)	1.4980880704568702	4	5	7	0	340	0	0	0	0	0	5	74
MCqueen Pelado	1.7471682686344931	5	4	37	1	481	24	0	1	0	0	4	74
Churubana	3.300505866274956	5	4	0	0	0	0	0	0	0	0	0	26
Dudikah	4.1526178700282586	0	1	0	0	0	0	0	0	0	0	0	7
Feitoza	9.978299238856533	7	3	0	0	0	1	0	0	0	0	3	171
Stuprakill	7.511952626723321	4	2	0	0	0	2	0	0	0	0	4	133
Lx	7.240318371122339	3	3	0	0	0	0	0	0	0	0	0	121
SASAGEYO!	12.24411513312439	9	3	0	0	0	5	1	0	2	0	13	268
AnotherSkilledPlayer	6.9286474681812935	14	10	0	0	0	3	0	0	3	0	20	82
Rosa_Burger	4.423849325043449	0	0	0	0	0	0	0	0	0	0	1	6
Puck	8.588375317139887	28	33	0	0	0	12	1	0	4	0	0	34
Guppy	7.492914883786897	55	54	183	0	2264	1148	0	0	9	0	62	108
katia2727	3.2567637249087236	3	3	0	0	0	0	0	0	1	0	1	5
Guppy	7.49291503291108	55	54	183	0	2264	1148	0	0	9	0	62	108
Nobody~	6.574190527485371	6	4	0	0	0	4	0	0	0	0	0	63
Darksz	7.522219861995737	9	6	0	0	0	0	0	0	0	0	4	155
tonw- csgoempire.com	3.4501835719109835	1	3	5	0	604	0	0	0	0	0	4	30
jnt	4.287510329816469	9	4	0	0	0	4	1	0	1	0	5	176
---------SE FODE AE----------	3.88700889230572	4	3	0	0	0	11	0	0	6	0	18	70
NIP NaustC	3.048830180014581	3	3	6	0	1223	9	0	0	0	0	15	241
MAN´3	1.6472478374214734	1	2	0	0	0	7	0	0	0	0	8	227
Lkm	0.37448780774181867	0	0	0	0	0	0	0	0	0	0	1	20
⑳ Rush ''KING'' Z/S	1.2749426585298271	3	3	0	0	0	3	1	0	1	0	8	99
geversongamer	3.59176803523541	4	4	0	0	0	2	0	0	3	0	6	36
jonypotato	4.79727526997872	12	9	0	0	0	36	0	1	2	0	4	96
Vercino	4.720451850612021	23	22	286	0	4057	14	0	0	7	0	7	42
corno	1.8911223830019592	21	13	159	333	14274	8	4	0	4	0	108	335
Gabz	1.3087732685584366	2	3	6	0	0	0	0	0	0	0	0	7
bradson	0.3276880301454538	1	1	0	0	0	0	0	0	0	0	0	3
Gabz	1.3087734255439236	2	3	6	0	0	0	0	0	0	0	0	7
SrTell	2.829182441543174	4	4	0	0	0	3	0	0	0	0	6	202
Free™	3.4837708105167975	11	8	13	0	0	0	0	0	1	0	8	181
twistzzz	2.914280256135022	12	8	0	0	0	0	1	0	1	0	3	77
K9	7.158022933773315	5	3	0	0	0	6	0	0	0	0	4	53
Tio Taldo #B1B2	2.2297012648485612	3	3	0	0	0	0	0	0	0	0	2	33
Luby2k	7.927590835855342	6	3	0	0	0	166	0	0	3	0	9	141
✪ CooByMaiden	2.062626566218134	4	4	0	0	0	0	0	0	0	0	6	0
♡	0.8268585969831498	12	8	23	0	0	19	1	0	1	0	21	194
Ale:p	1.653675436288383	3	4	0	0	0	52	0	0	0	0	2	226
†Ɗαякηєѕѕ†ツ	2.840550946339353	13	9	69	1	1739	3	0	0	1	0	6	40
ShinY	1.2909614129869058	6	5	53	78	3045	1	0	0	0	0	1	75
DiccButt	6.293390703970264	16	12	73	33	3616	21	1	0	4	0	24	120
PsychoKiller	6.325178198861478	10	7	0	0	0	0	0	0	0	0	2	30
switch	3.9948167694383905	5	3	0	0	0	1	1	0	1	0	5	39
Clashay	6.010485166165489	16	12	148	2	7838	197	4	0	1	0	64	366
vich0	5.909501087922363	46	30	0	0	0	7	0	0	1	0	10	54
FEFA TE AMO	1.9201571219721947	2	3	0	0	0	2	0	0	0	0	1	155
F4CHSITO	2.4185973947110555	5	5	0	0	0	0	0	0	0	0	20	94
Sos un Gel	2.6269688812855656	3	3	8	0	1006	0	0	0	0	0	2	108
EyelessMag	3.786498621287063	6	5	0	0	0	2	0	0	0	0	30	280
Merize'	4.640275958229198	4	3	0	0	0	4	0	0	0	0	4	79
♛	2.097690582754587	4	3	0	0	0	0	0	0	0	0	10	156
lucasalfaro510	1.0625180567849535	2	3	0	0	0	0	0	0	0	0	0	4
Sharingan	3.5840314155159825	3	3	0	0	0	0	0	0	0	0	1	7
XXXTENTACION	1.7441357825804955	3	3	0	0	0	0	0	0	0	0	2	69
izpeknas	4.207081005825731	14	15	0	0	0	21	0	0	24	0	12	118
Neko :3	5.777197289374668	7	4	0	0	0	157	0	9	3	0	31	71
DiLuquez	5.649235660870106	17	15	0	0	0	130	0	0	1	0	28	64
Tinnico	8.761767097820922	12	8	0	0	0	0	0	0	1	0	9	52
nicopra6	5.637521269462175	4	2	0	0	0	0	0	0	0	0	1	7
Krazing	6.383187130221207	10	6	0	0	0	7	0	0	3	0	5	45
jezucrihto	5.505714673668328	40	33	0	0	0	10	0	0	1	0	30	286
XD " JEJEJE "   ︻芫══一	5.106512475566997	3	2	0	0	0	0	0	0	0	0	1	116
XEXO	7.614917106330372	13	5	0	0	0	1	1	0	1	0	21	0
Hip-J'ossDKY	6.020487604012568	5	3	0	0	0	0	0	0	0	0	0	0
† Μдrдсд¡βо †	5.395792267589567	0	0	0	0	0	0	0	0	0	0	0	10
Рoг†Gλs D. †onч ☩	5.395803082226709	5	3	0	0	0	18	0	0	1	0	4	73
Supe-Assassin	7.561269308727784	7	3	0	0	0	2	0	0	4	0	3	78
QUESARITO	4.147163212822369	10	7	62	21	2147	1	0	0	0	0	9	113
CHEESY GORDITA CRUNCH	5.840482267954874	5	4	0	0	0	21	0	0	0	0	23	249
ugg boots	3.5993247335819514	3	3	0	0	0	0	0	0	0	0	2	60
yung desi	3.725778203875726	4	3	0	0	0	3	0	0	1	0	4	96
Maka	5.641241996370599	17	12	0	0	0	29	0	0	2	0	79	99
Big Chungus	6.416304181862564	8	4	0	0	0	3	0	0	0	0	2	39
Rafa	7.0151593924503475	23	15	45	2	2967	2	1	0	3	0	12	126
=(^.^)=	1.3174089116362266	3	4	0	0	0	2	0	0	0	0	0	26
yStriker	1.7399054756361192	3	4	20	0	156	0	0	0	1	0	14	19
Snow	1.4981529526556583	2	3	5	3	554	14	0	0	0	0	0	41
Banned by Vac	2.93348820230302	4	4	0	0	0	0	0	0	0	0	34	100
||FAO|| Franco	1.8344730554775106	5	6	0	0	0	2	0	0	0	0	1	88
monstro do lago messi	2.179597426593636	3	3	0	0	0	0	0	0	0	0	2	14
Mirta Legrand	2.1192831760682185	4	4	0	0	0	0	0	0	1	0	0	13
monstro do lago messi	2.1795975750947534	3	3	0	0	0	0	0	0	0	0	2	14
LucasCRF81	2.541381891154097	6	5	62	16	2669	24	0	0	0	0	5	17
gh0st	3.7856315384146333	22	14	85	21	1343	11	0	0	2	0	1	45
Magnata	2.775032695327954	12	8	0	0	0	2	0	0	1	0	0	30
twitch.tv/augustszxTV	2.3722700557462053	3	3	0	0	0	0	0	0	0	0	2	85
reiBrOoKoLZz	4.380366810021971	5	4	16	0	734	1	0	0	0	0	2	44
SK - MorolGamer	1.191059105787277	3	4	0	0	0	0	0	0	0	0	13	72
SK-Pedro007recPvpro.com	8.900086840394485	7	4	13	0	0	0	0	0	0	0	20	21
JapaGTProGold	0.8889519279205227	3	3	0	0	0	0	0	0	1	0	1	156
ɱƈƒŁƳ ☭	1.576687470833642	7	4	19	41	2256	5	2	0	1	0	13	261
My Way	2.9031326407966787	12	9	0	0	0	44	1	0	3	0	39	165
Zero Uchiha	4.79089603252126	4	3	30	9	1309	0	0	0	0	0	5	68
REAV	4.699471714538065	30	24	64	8	1582	31	0	8	1	0	8	184
Aspen	4.633001997603718	5	3	0	0	0	0	0	0	0	0	9	137
☆EH77☆	2.5865347653138326	3	3	0	0	0	0	0	0	0	0	1	31
Debox	3.1228470027582604	10	5	52	2	478	1	1	0	0	0	5	46
Deimus_glam	3.1448381782418	4	4	0	0	0	0	0	0	0	0	0	27
MacLarYジ	2.7040084778212963	11	7	59	63	3177	6	2	0	3	0	7	305
SESOMATV	0.5511145178524371	12	5	0	0	0	0	0	0	0	0	5	54
Clemento Jardim	2.938908614764513	6	5	20	11	1521	13	0	0	1	0	38	157
XK1NG	1.5069241665721784	4	5	0	0	0	0	0	0	1	0	31	107
★ReLaTivZz_iwnl	3.016173631213481	11	6	39	6	592	0	0	0	1	0	28	116
MelPi	3.274036096968864	11	5	16	28	3447	1	2	0	1	0	14	166
FAN BOY DO VSKI	2.7636771117950274	4	4	0	0	0	0	3	0	0	0	50	110
ze beselgas CSGOEmpire.com	3.2904028271125587	4	4	0	0	0	0	0	0	0	0	1	97
Fr3akS	3.1426887455125607	6	4	0	0	0	0	0	0	0	0	2	20
ChickyO	5.068097738719989	7	4	0	0	0	0	0	0	0	0	7	62
BurN || Gurkenwasser	4.528955527583448	7	5	0	0	0	10	0	0	0	0	23	108
Womandre1320	4.816781382481786	8	4	0	0	0	21	0	0	2	0	13	52
[Sour]Affenschänder	5.254913603113923	6	4	0	0	0	2	0	0	0	0	4	160
IamBlackShiggy	3.953541964445348	9	7	0	0	0	1	0	0	0	0	3	44
AK blackRepper	9.076188713804902	13	7	0	0	0	3	0	0	1	0	3	123
Coach Busso	3.5947377739520556	5	4	0	0	0	2	0	0	0	0	4	73
GyniCo	3.5952520449714784	97	128	0	0	0	135	15	0	0	0	5	306
Mayo-General®	4.7622132965489	6	5	0	0	0	29	0	0	0	0	7	94
perpLexMAD`	5.068190497514781	4	3	0	0	0	2	0	0	0	0	2	40
f0rest wie der Wald	3.311965629016783	0	0	0	0	0	0	0	0	0	0	0	12
Zombie 2.0	4.704625420866068	4	3	0	0	0	0	0	0	0	0	0	8
Pickle Rick! | fkinglulu	6.405365967726561	19	16	332	2	3752	3	0	0	1	0	15	112
mishalein	4.366811305231254	7	4	0	0	0	0	0	0	0	0	1	6
Poggi	6.404650442662273	6	4	0	0	0	0	0	0	0	0	1	32
Syntax	9.581477914491602	16	11	0	0	0	71	0	0	2	0	3	80
TD out of order	11.117775702503483	30	14	0	0	0	13	0	0	1	0	17	51
Sonntagskind	11.36634728655232	17	14	0	0	0	1	0	0	9	0	5	17
Bill Zoeker	8.84884508980813	11	7	0	0	0	16	0	0	2	0	7	117
CheeBuhguh	14.900302299420485	21	22	0	0	0	0	0	0	1	0	3	46
Zurnz	9.012165437626466	10	3	0	0	0	0	0	0	0	0	2	95
Dauntas 1.0	11.448285864851679	11	5	0	0	0	157	0	0	1	0	3	50
Nimmock	9.031568647843262	10	3	0	0	0	9	0	0	3	0	2	123
AsYourGhost	9.423512253958991	6	2	0	0	0	0	0	0	0	0	0	11
nohimn	9.79124423133741	9	3	0	0	0	0	0	0	0	0	1	19
Burntheman	11.407110037985223	10	4	0	0	0	0	0	0	0	0	3	21
Kahnubus	12.288688441419657	7	2	0	0	0	0	0	0	0	0	4	43
Jeff Breakfast	9.434445749571372	22	21	465	44	5282	530	4	0	13	0	62	349
Jonesy	9.228935419710032	13	10	0	0	0	60	0	0	2	0	69	165
JOE1324	5.609909247682648	3	2	0	0	0	1	0	0	0	0	3	15
gx123	6.552879312766401	0	1	0	0	0	0	0	0	0	0	0	2
JOE1324	5.60990942319994	3	2	0	0	0	1	0	0	0	0	3	15
blink3	6.207455204379333	15	7	0	0	0	1	0	0	0	0	63	160
♞ Rigardo ♞	9.418295546519671	25	25	0	0	0	0	0	0	1	0	30	158
mhd- cs.money	9.943747313630539	24	17	106	0	8230	111	1	0	4	0	45	309
Jack Lerris	5.783240835811517	14	15	0	0	0	6	0	0	6	0	5	81
JEMZ	2.95379057193284	10	5	63	36	2977	1	1	0	2	0	1	13
KIAZOR	5.275508760662195	33	15	0	0	0	0	0	0	0	0	3	32
EdHunter	0.11514578223834028	0	0	0	0	0	0	0	0	0	0	0	1
KIAZOR	5.275508971426555	33	15	0	0	0	0	0	0	0	0	3	32
Matheus7070OPENCASES.CHEAP	0.34974673597242467	1	1	1	0	53	0	0	0	0	0	0	6
Maycon	0.7006715870642726	1	1	0	0	0	0	0	0	0	0	2	252
MIBA SpawN	11.226791340566992	7	3	3	22	916	0	0	0	0	0	4	49
Cara de Decepção	3.9776504538799307	6	5	0	0	0	0	0	0	1	0	1	20
Já vai boltz?	1.141855681863882	4	4	31	0	1026	0	0	0	1	0	1	49
็็็็็็็	2.4702878563285084	4	5	82	0	1381	2	0	0	0	0	9	103
Uruvale	2.9988629781446865	3	3	0	0	0	0	0	0	0	0	4	58
Hail_Satan	3.9660429045366103	3	3	1	20	609	0	0	0	0	0	0	80
G Y R O	2.547523378476349	11	8	0	0	0	17	0	0	6	0	4	87
panconchicle	3.683881675482439	20	23	0	0	0	9	0	0	0	0	0	66
QueBuenaPreguntaDorothy	3.785486893575735	5	5	0	0	0	0	0	0	1	0	0	19
te meti la garrapiñada	1.3748440117919236	2	3	0	0	0	0	0	0	0	0	15	231
Pacheco	4.455115801515334	5	4	0	0	0	0	0	0	0	0	11	53
BOT TACHALA	1.3745852384165587	3	4	0	0	0	6	0	0	0	0	7	211
SlendySlack.	2.2053962455890552	5	4	0	0	0	16	0	0	0	0	3	209
PolloOnFire	5.870611241555823	3	2	0	0	0	0	0	0	0	0	2	131
xSalcedo	3.8096681289670506	11	7	0	0	0	2	0	0	1	0	6	62
Pingüino	0.8656887694572372	2	2	0	0	0	0	0	0	0	0	3	74
Caja de Jugo Picante	4.785560625016062	22	21	0	0	0	159	41	6	2	0	7	399
DamianBlum	5.432869000314184	6	5	0	0	0	0	0	0	0	0	0	15
Panucci	4.478607734689195	24	27	0	0	0	1	0	0	2	0	4	54
UwU	6.302990965142249	30	29	0	0	0	0	0	0	2	0	3	33
Panucci	4.478607903351462	24	27	0	0	0	1	0	0	2	0	4	54
Hisoka.	2.327533455070363	11	11	0	0	0	0	0	0	0	0	2	32
ESBANKESLI	1.8869215904614576	4	4	0	0	0	3	0	0	1	0	3	6
Shedder queso	1.9745929247713043	2	3	0	0	0	0	0	0	0	0	1	3
ESBANKESLI	1.8869217502298705	4	4	0	0	0	3	0	0	1	0	3	6
pishufleen	2.719774877940192	3	3	0	0	0	2	0	0	0	0	1	3
ESBANKESLI	1.8869219026661643	4	4	0	0	0	3	0	0	1	0	3	6
EstebanOpsKiller	4.173732300939036	0	0	0	0	0	0	0	0	0	0	0	1
ESBANKESLI	1.8869220470704973	4	4	0	0	0	3	0	0	1	0	3	6
Shedder queso	1.9745933408575922	2	3	0	0	0	0	0	0	0	0	1	3
ESBANKESLI	1.8869221739648094	4	4	0	0	0	3	0	0	1	0	3	6
EstebanOpsKiller	4.173732584883837	0	0	0	0	0	0	0	0	0	0	0	1
ESBANKESLI	1.8869223388644158	4	4	0	0	0	3	0	0	1	0	3	6
pishufleen	2.7197754567266648	3	3	0	0	0	2	0	0	0	0	1	3
Shedder queso	1.9745937008810854	2	3	0	0	0	0	0	0	0	0	1	3
ESBANKESLI	1.886922530450868	4	4	0	0	0	3	0	0	1	0	3	6
Hisoka.	2.327534533081035	11	11	0	0	0	0	0	0	0	0	2	32
Forsa	6.341743491712679	22	15	0	0	0	38	1	0	4	0	9	150
Petrorio	4.927932472977139	32	33	208	0	4304	179	1	0	6	0	25	170
Fynka	15.531267319687743	16	10	0	0	0	62	1	0	1	0	11	196
nyan cat :3	6.253744717126242	39	51	0	0	0	58	0	0	4	0	31	148
Rabbit	3.5163003614151283	25	36	0	0	0	91	0	0	3	0	46	236
J.K	3.0785461858346843	4	4	0	0	0	0	0	0	0	0	3	3
Rabbit	3.5163005391567155	25	36	0	0	0	91	0	0	3	0	46	236
FIDAO2	6.201652239896255	6	4	0	0	0	0	0	0	0	0	5	79
♥Merlin ♥	3.7334849808319976	5	5	0	0	0	1	0	0	0	0	1	101
Smorf 5k	2.9404494013269873	2	2	0	0	0	0	0	0	0	0	3	10
Gattsus	7.368225935934553	9	7	0	0	0	1	0	0	1	0	3	122
letraipsilon	6.256783939373229	4	2	0	0	0	0	0	0	0	0	0	11
Newton Nitro	7.636098219159546	5	2	0	0	0	0	0	0	0	0	1	139
Sheldon Filan	6.220655996724177	4	2	0	0	0	0	0	0	0	0	0	33
ckng	6.082664304685594	4	2	0	0	0	0	0	0	0	0	1	32
Testosteronatico	6.821562310354758	5	3	0	0	0	0	0	0	0	0	5	288
Mr. Covari	6.223495892702067	7	3	0	0	0	0	0	1	3	0	4	78
NeoN (Não uso essa conta)	5.49211797312463	16	10	0	0	0	25	1	3	5	0	5	54
-SheeT	3.1167035238099077	2	2	0	0	0	0	0	0	0	0	1	75
Fubuqui	5.227193472641009	8	4	0	0	0	0	0	0	1	0	1	153
kova	2.5721760662323265	3	4	22	0	156	0	0	0	0	0	2	79
Mario Braw	5.2614572701388544	10	8	0	0	0	2	0	2	15	0	7	105
AsmoDeus	5.83760446328807	10	6	0	0	0	1	0	0	0	0	48	332
Imperador Schnitzel	5.380159056364885	28	35	399	20	5466	161	3	0	21	0	17	69
Lendario	5.3720753790446265	4	3	22	0	807	0	0	0	0	0	3	49
QUERO CAFÉÉÉÉÉ !!!	4.541348443501586	11	9	0	0	0	3	0	0	1	0	62	37
tekinho022	1.6793451482400956	5	4	33	0	601	3	0	0	1	0	11	22
neguinho12315	1.1575123932887716	2	3	16	9	1186	1	0	0	1	0	4	8
Amazon Express	1.905869611985978	3	4	9	0	625	0	0	0	0	0	3	217
Roger0541BR	1.8791720483362873	4	4	13	1	580	2	0	0	0	0	0	3
Keelvin [GTN]	1.3633455377094474	0	1	10	3	268	0	0	0	0	0	2	17
Edpo Araujo	4.870350245911373	4	3	0	0	0	0	0	0	1	0	2	6
Polledium	2.7743368846695775	0	0	0	0	0	0	0	0	0	0	0	1
Edpo Araujo	4.870350410824595	4	3	0	0	0	0	0	0	1	0	2	6
Keelvin [GTN]	1.3633458456359557	0	1	10	3	268	0	0	0	0	0	2	17
Roger0541BR	1.8791724846392097	4	4	13	1	580	2	0	0	0	0	0	3
Amazon Express	1.9058701977096781	3	4	9	0	625	0	0	0	0	0	3	217
Anatoly	5.257172858073982	8	6	62	0	1924	49	0	0	0	0	1	71
Colofatti	6.664994932289295	6	4	0	0	0	0	0	0	0	0	2	25
Anatoly	5.257173003309007	8	6	62	0	1924	49	0	0	0	0	1	71
󠀡󠀡󠀡󠀡Junin CS.MONEY	1.3205011157445847	25	13	0	0	0	6	0	0	1	0	17	27
UchihaBe	6.398630232786721	4	2	0	0	0	0	0	0	0	0	2	25
Sagittarius	6.4100822914453675	4	2	0	0	0	0	0	0	0	0	1	37
pedrovisk	4.575278183261281	4	3	0	0	0	0	0	0	0	0	1	42
M.H	1.700717538916924	2	3	0	0	0	0	0	0	0	0	6	51
(⌐■_■) galinha maluka!!!	1.8185606594101342	5	4	47	18	1321	35	0	0	5	0	1	94
Arthurzin1v4	1.9035369531899873	3	4	0	0	0	0	0	0	0	0	11	109
NHANHA	3.3118189280853465	5	5	0	0	0	8	0	0	0	0	4	53
Dragão	1.6896568592794727	4	4	7	18	1235	0	0	0	0	0	3	117
CHimbida_cp	10.001324647345772	7	4	0	0	0	284	0	0	0	0	107	102
HiD4N	1.7854458641724682	2	3	0	0	0	0	0	0	0	0	1	127
SloW_MotioN-Cisk0	0.4734196130039424	2	2	0	0	0	0	0	0	0	0	1	46
nomoreherois	3.053664009249117	11	10	0	0	0	1	0	0	11	0	0	32
мคмãσ	6.938798835547358	14	8	0	0	0	9	1	0	0	0	71	69
Zt4	3.360381757985557	3	3	0	0	0	0	0	0	0	0	0	17
LoboDePegasus	3.7830680526899676	2	2	0	0	0	0	0	0	0	0	0	10
Chowkz01	3.788793953398138	2	2	0	0	0	0	0	0	0	0	0	11
morgan	9.109222170053082	145	239	14	0	5954	4	0	0	2	0	15	277
aLaric	6.599170659605612	6	3	37	80	3199	3	0	0	1	0	10	270
El Bigodon | UP #15	4.236949128223465	4	3	0	0	0	1	0	0	0	0	2	26
MATABOLUDO	3.746745438596081	4	4	0	0	0	7	0	0	0	0	11	198
sandalias da humildade	6.27285086285885	11	6	0	0	0	0	0	0	1	0	15	159
GabiCS	2.0383309335482793	3	3	0	0	0	1	0	0	0	0	12	104
S4VE NTC	8.363957366421003	11	5	36	0	0	2	0	0	3	0	102	329
Tiozãodo1.3	4.883920854187319	11	6	0	0	0	3	0	0	1	0	4	272
Will2k	6.392179468326237	6	4	0	0	0	0	0	0	0	0	1	65
FG	3.2656339558220226	17	15	0	0	0	13	11	0	2	0	9	172
n1x	3.6951086463708296	24	18	201	7	2872	24	1	0	3	0	13	57
madru	6.750411256621727	41	64	565	106	9098	68	0	1	11	0	219	330
*Ratto	6.64962835089814	41	44	422	48	11459	278	1	0	4	0	58	318
MyThoZ	7.937127646953797	7	4	0	0	0	1	0	0	0	0	0	100
Mannekin	6.77291659923833	7	3	0	0	0	0	0	0	1	0	6	14
✪ мићо врабац	3.3345260716625074	30	20	0	0	0	9	0	0	2	0	27	51
tHe VoiCe oF gOd | trade.tf	3.5387077306924604	4	3	0	0	0	5	0	0	0	0	15	27
kevin.	1.7189588505131816	4	3	30	44	1853	10	0	0	2	0	3	32
V1nny	3.3737256883912234	4	4	19	61	1021	0	0	0	0	0	3	210
Larry3k	1.3083196829040677	2	3	0	0	0	1	0	0	0	0	3	51
Spoon	5.979455802027275	8	5	0	0	0	0	0	0	1	0	3	33
NoVa	6.18068819489722	8	3	115	14	3026	58	0	0	0	0	6	43
Detective Peep	3.1369286713976807	9	5	0	0	0	18	1	0	1	0	22	54
Hoody	7.717414821024181	20	13	0	0	0	34	0	0	4	0	15	326
Stoned!!! /Guate	6.360619327335643	7	4	0	0	0	13	0	0	0	0	7	314
FATCHODE	2.4267739471390595	4	4	0	0	0	5	0	0	0	0	27	221
Captain	4.9223950987037055	4	3	0	0	0	2	0	0	0	0	6	103
» zєяѕтöяєи «	7.339084908495142	15	9	0	0	0	87	5	0	4	0	11	98
Nicky.	4.227299783892033	11	7	0	0	0	5	0	0	1	0	5	100
Rui	5.545437465512952	42	74	0	0	0	46	0	0	23	0	11	80
无丶杰	2.668720807632181	101	140	599	3	2084	12	0	0	7	0	7	482
tonnyxbox	1.9825283077076676	3	5	0	0	0	0	0	0	5	0	0	2
无丶杰	2.6687209523422335	101	140	599	3	2084	12	0	0	7	0	7	482
MMDGTC	2.550618882392889	15	14	161	27	2338	39	0	0	12	0	1	97
damao	5.039106095771947	5	3	0	0	0	1	0	0	0	0	2	59
DIMTH（StatTrak™）	4.198462267729321	12	4	95	61	1731	5	0	1	0	0	13	116
Gaykume	1.461422125659607	6	6	0	0	0	1	0	0	1	0	9	161
special SNOWFLAKE	4.443524403680995	4	3	39	0	0	0	0	0	0	0	2	53
darkiller	4.587763344710193	13	10	0	0	0	8	0	0	0	0	12	162
✪Peek	5.049814436721543	8	5	122	0	0	87	0	0	1	0	11	228
✪ killybim	4.03090054897075	7	5	0	0	0	0	0	0	2	0	8	148
Tony	1.6607037299212726	3	4	0	0	0	0	0	0	0	0	4	37
✪ killybim	4.030900694886662	7	5	0	0	0	0	0	0	2	0	8	148
✪ Acorn	7.370578106215495	38	37	93	36	4161	397	3	0	19	0	61	176
hjdw4011	2.5022676113843687	2	2	0	0	0	0	0	0	0	0	0	22
hcs1094	1.9406974602523779	1	2	0	0	0	0	0	0	0	0	0	16
모구리구리구리찌릿	1.3878533460488558	2	3	0	0	0	0	0	0	0	0	0	0
IIIIIIIIII	1.449708984817703	1	2	0	0	0	0	0	0	0	0	0	15
wkddkska125	1.6769601038867963	1	2	0	0	0	0	0	0	0	0	0	19
세윤	1.540513566434701	1	2	0	0	0	0	0	0	0	0	0	28
kdk0429	1.632984142338773	1	2	0	0	0	1	0	0	0	0	0	21
현우	3.5293408508648554	2	2	0	0	0	0	0	0	0	0	1	32
CheeseKing	1.6389373789906638	1	2	4	2	1409	0	0	0	0	0	0	37
jinhwan5263	1.5301181604837566	1	2	0	0	0	0	0	0	0	0	0	21
bikekmj	1.4837503004135864	1	2	0	0	0	0	0	0	0	0	0	21
KungSQuAD	1.6743980086407326	1	2	0	0	0	0	0	0	1	0	0	11
youngtak	1.6935424794705156	1	2	11	19	979	0	0	0	0	0	0	18
ZergMurlocKing	3.0776575578685144	8	5	0	0	0	0	0	0	0	0	0	22
JHOYUN	3.0532200935366403	4	4	0	0	0	0	0	0	0	0	0	17
김주훈	1.595854733441821	2	3	0	0	0	0	0	0	0	0	0	15
gu8653	1.6119391157181808	1	2	0	0	0	0	0	0	0	0	0	18
wnsxor0715	1.5541744607118846	1	2	0	0	0	0	0	0	0	0	0	2
Juno	6.340212272813157	13	8	0	0	0	9	0	0	2	0	2	33
Deathpiel	13.01658077513718	10	4	0	0	0	0	0	0	1	0	8	40
chickenkun	3.6775689803007925	4	3	0	0	0	0	0	0	0	0	0	170
Brek	10.524960418357221	13	11	0	0	0	3	0	0	4	0	19	241
GF*	9.625116721326561	5	2	0	0	0	0	0	0	0	0	10	105
VOOPOO2	10.649538934530618	6	2	0	0	0	1	0	0	2	0	29	77
Subsecure	7.981027631451672	9	6	0	0	0	81	0	0	15	0	18	75
Slayer_Zin	7.119156081671169	8	4	0	0	0	0	0	0	0	0	2	28
ChiC_hi	7.427501041180671	8	4	0	0	0	5	0	0	1	0	4	33
Sngso	9.403397085030806	44	68	0	0	0	224	56	0	2	0	9	116
kjs2523308	5.737255973948576	5	2	0	0	0	0	0	0	0	0	0	6
LJH	10.909593839172436	16	9	0	0	0	1	0	0	1	0	3	12
kjs2523308	5.737256126110489	5	2	0	0	0	0	0	0	0	0	0	6
에뚜왈 Etoile	5.7791088087197675	4	3	0	0	0	0	0	0	0	0	5	72
AquaHeartNJH	6.4405236311793965	5	3	0	0	0	10	0	0	0	0	6	304
스시	5.934956719739479	5	3	0	0	0	0	0	0	0	0	1	77
qwerty	7.648447733513358	5	2	0	0	0	3	0	0	0	0	18	193
wangchunja\	5.682488163121698	2	2	0	0	0	0	0	0	0	0	1	66
大日本帝国万歳朝鮮人死ね。	7.011095918035218	8	6	0	0	0	2	0	0	0	0	13	250
Heacout	10.05626250231672	10	7	0	0	0	146	0	0	4	0	20	129
BuyXRP	5.757039614169496	3	2	0	0	0	0	0	0	0	0	0	38
Shana	8.628764989644955	13	9	0	0	0	0	0	0	5	0	1	53
Muid	2.346370807691857	2	2	0	0	0	0	0	0	0	0	0	8
yoshi	7.994821023430279	7	4	0	0	0	0	0	0	0	0	1	43
RemarkableBeans	10.275521719732295	23	23	240	0	4148	60	0	0	16	0	82	140
My Father	11.03117024212557	7	2	0	0	0	0	0	0	0	0	3	60
이과생	10.452612576848832	11	7	0	0	0	39	0	0	2	0	11	150
의정부여고생심장헌터	10.195189095506226	20	15	0	0	0	2	0	0	6	0	36	185
스까솔져	10.09444331544584	47	61	0	0	0	4777	0	0	62	0	5	69
UnLife	8.557253206349769	20	17	0	0	0	9	0	0	2	0	30	105
Saints han nam	7.520560785512749	26	37	0	0	0	69	0	0	10	0	19	42
Blazebloke	5.329098587924109	3	2	0	0	0	0	0	0	0	0	0	3
heimlaga	7.711728480254632	6	3	0	0	0	0	0	0	0	0	13	116
Mikael Seglem Jensen	2.6376403258649574	2	2	4	0	0	0	0	0	0	0	0	15
heimlaga	7.711728603310871	6	3	0	0	0	0	0	0	0	0	13	116
NachoLibre	6.046522043176166	7	5	0	0	0	0	0	0	0	0	2	37
GGGlenni	8.624609220947509	6	3	0	0	0	0	0	0	0	0	0	69
||LPS Owner|| TheLastPenguin	10.512250428792548	6	2	0	0	0	20	0	0	0	0	19	45
Waffles	9.414975984126487	49	46	0	0	0	129	2	0	6	0	40	360
Chins	10.763297501159155	20	21	0	0	0	77	0	0	2	0	14	115
Fiyero	8.535600456060205	19	17	0	0	0	32	0	1	1	0	13	64
Fleamz	9.406436871948655	8	2	0	0	0	2	0	0	0	0	7	55
NinjaaisApEx''	9.296517413594028	5	2	0	0	0	0	0	0	0	0	1	18
|MOB|Sylar	10.156854144460347	6	2	0	0	0	0	0	0	0	0	1	15
Achilles	10.154334585028327	6	2	0	0	0	0	0	0	0	0	2	7
|MOB|Haytch	10.11932163904094	5	1	0	0	0	0	0	0	0	0	2	5
Missy Stone	10.15757145112316	6	2	0	0	0	0	0	0	0	0	2	5
Botislav	10.153314196919862	10	3	0	0	0	0	0	0	0	0	3	2
Missy Stone	10.157571591638018	6	2	0	0	0	0	0	0	0	0	2	5
|MOB|Haytch	10.119321927467277	5	1	0	0	0	0	0	0	0	0	2	5
Missy Stone	10.15757173652095	6	2	0	0	0	0	0	0	0	0	2	5
Botislav	10.153314478276489	10	3	0	0	0	0	0	0	0	0	3	2
Achilles	10.154335153320336	6	2	0	0	0	0	0	0	0	0	2	7
|MOB|Bliss	10.154332365091458	6	2	0	0	0	0	0	0	0	0	2	4
Missy Stone	10.15757200381928	6	2	0	0	0	0	0	0	0	0	2	5
|MOB|Haytch	10.119322331423705	5	1	0	0	0	0	0	0	0	0	2	5
Achilles	10.154335432381965	6	2	0	0	0	0	0	0	0	0	2	7
Missy Stone	10.15757220669493	6	2	0	0	0	0	0	0	0	0	2	5
Achilles	10.154335553729386	6	2	0	0	0	0	0	0	0	0	2	7
Botislav	10.153314998435006	10	3	0	0	0	0	0	0	0	0	3	2
Achilles	10.15433566555575	6	2	0	0	0	0	0	0	0	0	2	7
|MOB|Sylar	10.156855403213385	6	2	0	0	0	0	0	0	0	0	1	15
Forceful_One	3.400641743887959	5	4	0	0	0	0	0	0	1	0	1	12
Crack_Addict	9.323967747108297	10	5	0	0	0	2	0	0	1	0	4	63
Ruff Samurai	4.001783073065442	5	4	0	0	0	0	0	0	0	0	0	10
Crack_Addict	9.323967918441735	10	5	0	0	0	2	0	0	1	0	4	63
keepy	5.770253144236452	6	4	0	0	0	0	0	0	0	0	0	5
Crack_Addict	9.323968099823764	10	5	0	0	0	2	0	0	1	0	4	63
BushTuckaMan	3.4921160893423617	3	2	0	0	0	0	0	0	0	0	8	74
Phatsacs420	3.2256046763213	4	3	0	0	0	0	0	0	0	0	2	60
[FILO]_Yarrick	14.32770383818766	9	3	0	0	0	0	0	0	0	0	3	32
Phatsacs420	3.225604806714414	4	3	0	0	0	0	0	0	0	0	2	60
Hurq	5.755186524432234	5	3	0	0	0	0	0	0	1	0	0	5
wilke41	10.396197735559126	7	2	0	0	0	0	0	0	0	0	0	1
Hurq	5.755186669032293	5	3	0	0	0	0	0	0	1	0	0	5
snomie	15.52607982983172	9	2	0	0	0	0	0	0	0	0	2	21
nosyaJ	14.100315210299842	8	2	0	0	0	0	0	0	0	0	88	184
Yazie	9.864737416087916	11	4	0	0	0	0	0	0	0	0	79	187
kRaZy21	8.021862701399906	10	7	0	0	0	12	0	0	0	0	3	19
Parasite	7.531551299939168	23	23	0	0	0	1207	0	0	7	0	31	64
TheMegaTB	7.292440206589969	10	6	93	1	2400	301	0	0	0	0	7	29
XM | Fakier	5.871491346769326	12	11	0	0	0	4	0	0	1	0	1	14
TheMegaTB	7.292440374359874	10	6	93	1	2400	301	0	0	0	0	7	29
KATastrophe	4.805091051211624	11	10	0	0	0	117	0	0	0	0	4	23
bzzt	6.372800231897252	31	27	259	75	5901	161	0	0	4	0	10	41
Weed	2.213886281135397	11	6	118	13	1352	7	0	0	2	0	6	55
$ AssKick01 $	6.854960325830671	14	6	0	0	0	94	0	0	0	0	7	48
bubbel	10.375495304394017	13	6	0	0	0	0	0	0	0	0	12	55
Lynx [Skar]	10.025038009405991	15	11	264	31	5485	40	0	0	2	0	11	51
DrunkenShooter	10.600429210055818	34	42	0	0	0	346	129	0	13	0	10	83
LordJelly	8.510052166211393	19	19	0	0	0	68	0	0	4	0	0	30
Dr_Fumbles	14.370121833922157	11	5	0	0	0	30	0	0	1	0	2	14
Lt Usher	15.100847347619956	16	5	234	8	1672	16	1	10	3	0	6	0
SirDuckington467	9.216112031801046	10	4	0	0	0	7	0	0	1	0	111	0
jakenater12	4.254516325246231	5	3	0	0	0	0	0	0	0	0	16	27
Blackdog420	8.596803892527836	12	6	0	0	0	154	0	0	0	0	69	302
SpongeQuan	0.9470645487615446	2	2	0	0	0	1	0	0	0	0	3	52
BigBang1019	1.135759472088704	3	3	0	0	0	12	0	0	0	0	2	17
BigChungus	0.6040447542574776	3	3	14	21	271	1	0	0	0	0	2	22
How2UseTheNegev	1.8374232149661525	3	4	13	33	428	0	0	0	0	0	2	13
HekoHero	1.7170919455398481	2	3	0	0	0	0	0	0	1	0	0	1
How2UseTheNegev	1.8374233446231594	3	4	13	33	428	0	0	0	0	0	2	13
<CCG>Mungoose98758	7.305974973113366	6	3	54	6	1857	76	0	1	0	0	12	35
b_diddy	3.1889561553401795	5	3	78	14	866	15	0	0	1	0	1	46
pukateeko	0.7835035157035309	1	1	0	0	0	6	0	0	0	0	0	9
Airsek	7.071282462994167	8	4	0	0	0	3	0	0	1	0	2	7
jfloyd399	7.747211263229699	13	8	0	0	0	42	0	0	1	0	1	12
SilverFang117	9.284966844068519	11	5	0	0	0	3	0	0	3	0	0	23
Zero	9.109327277540851	9	5	0	0	0	0	0	0	1	0	1	12
}Ðд{sniep-|V|-	14.232747347583896	10	3	0	0	0	9	0	2	0	0	7	64
-|V|-{Heikki-65}[A]{PLU}	14.05739298056849	14	7	0	0	0	70	0	0	14	0	99	201
unleashed	15.07566573677502	10	2	0	0	0	0	0	0	1	0	6	48
SuR xX ﮛΦ\/1Є+ Xx	12.860314157314571	7	2	0	0	0	0	0	0	0	0	0	17
G0dlY Sn1p3R Acc. #2	12.087373495164913	7	2	0	0	0	0	0	0	0	0	10	69
pr01337haxxzorz	12.60822874025897	7	2	0	0	0	0	0	0	0	0	0	21
gangsta	13.114219737184035	7	2	0	0	0	0	0	0	0	0	12	75
ڳçǻяғǻçз| R.I.P סּпe	12.287230889245937	7	2	0	0	0	0	0	0	0	0	1	26
Resíst<3 watch the video	11.768559976768103	6	2	0	0	0	0	0	0	0	0	13	61
NationCraftBros	11.954949628165597	7	2	0	0	0	0	0	0	0	0	16	27
Pwnager1	12.171498353436377	9	3	0	0	0	0	0	0	0	0	2	37
fpsbanana phone	12.596140466533447	7	2	0	0	0	0	0	0	0	0	7	29
Cloud	15.052739311257493	8	2	0	0	0	0	0	0	0	0	2	16
fpsbanana phone	12.596140593323337	7	2	0	0	0	0	0	0	0	0	7	29
IamMayor:)	11.665589494907262	6	2	0	0	0	0	0	0	0	0	8	29
Shade 👻	9.47291190893056	14	6	0	0	0	50	0	0	3	0	39	283
aer0	4.396426066536436	13	7	0	0	0	0	0	0	3	0	3	80
Big Papa	13.491684947664647	15	9	0	0	0	14	0	0	9	0	4	39
Jake	5.195844418816446	6	5	0	0	0	1	0	0	0	0	1	11
HellzW0lf	10.263912374619034	8	3	0	0	0	0	0	0	0	0	1	42
Kitten[415reg]	10.166324938601964	6	2	0	0	0	0	0	0	0	0	28	137
Ed Gein	10.919052719219188	6	2	0	0	0	0	0	0	0	0	3	15
KILLACALI<@>	10.952539709294678	6	2	0	0	0	0	0	0	0	0	18	48
IN MY FACE N STUFF	14.68220258909845	9	2	0	0	0	0	0	0	0	0	124	228
-VG- Stimp	11.631697103761011	7	2	0	0	0	0	0	0	0	0	17	242
Mitch Davis	9.950087785258912	19	19	0	0	0	9	0	0	0	0	21	126
Spades!™	13.336378646147093	10	4	0	0	0	149	0	0	0	0	16	167
Jf The Pro	5.264778089649246	16	14	0	0	0	15	0	0	5	0	0	41
mmk119	6.347144176442132	4	2	0	0	0	0	0	0	0	0	0	7
Misfit Jarl	5.391259505149655	4	3	0	0	0	0	0	0	0	0	0	15
Centricks	4.0592993630662075	33	26	213	0	1466	2	0	0	3	0	29	180
cam1bmf	14.385702189092774	8	2	0	0	0	0	0	0	0	0	0	19
TELLETUBBIES	2.3741588189055145	4	3	0	0	0	4	0	0	0	0	11	253
SizkAK	4.536564508685389	8	6	47	24	3943	41	0	0	6	0	41	270
Mr . Whiskers	4.777534628032225	10	9	101	0	2043	0	0	0	1	0	19	117
1408 fleXreX	3.081297634095226	3	3	0	0	0	0	0	0	0	0	1	48
XxFiRe_FistxX	3.4329264367530943	5	3	61	1	610	1	0	0	0	0	2	30
Toe Thief	3.7832135241020612	9	6	0	0	0	0	0	0	5	0	8	123
I Ate Fiona's Asshole	1.270249801814367	0	0	0	0	0	0	0	0	0	0	1	15
Life's a Gamble	1.4075558761233289	1	2	0	0	0	0	0	0	0	0	0	15
LT.dicklock	1.4073769720638467	3	3	0	0	0	1	0	0	0	0	1	14
longlongusername	6.283959514084428	74	71	75	93	7606	0	0	0	2	0	1	23
Cod	4.400219779052441	15	9	0	0	0	7	0	0	2	0	22	46
longlongusername	6.28395967716247	74	71	75	93	7606	0	0	0	2	0	1	23
Alhalenim	7.497642461428473	10	7	0	0	0	9	0	0	0	0	0	36
cesar.brown.75	1.5616748651849217	2	2	0	0	0	0	0	0	0	0	0	2
Lamuria	7.630176593541714	38	24	0	0	0	0	0	0	2	0	3	4
cesar.brown.75	1.561675004907992	2	2	0	0	0	0	0	0	0	0	0	2
Alhalenim	7.497642721487447	10	7	0	0	0	9	0	0	0	0	0	36
Morgan	6.14910414370192	4	2	0	0	0	0	0	0	0	0	0	34
cringethederp	0.30848672348607137	1	1	0	0	0	0	0	0	0	0	0	2
Morgan	6.149104288318196	4	2	0	0	0	0	0	0	0	0	0	34
Stret	13.914088803616501	11	5	0	0	0	0	0	0	0	0	1	29
Morgan	6.149104459391005	4	2	0	0	0	0	0	0	0	0	0	34
The Ice King	5.2374643611722735	4	3	0	0	0	1	0	0	0	0	1	18
Tapz	6.281528265574562	6	4	0	0	0	9	0	0	0	0	14	119
Danapel	4.7989045534851975	27	13	0	0	0	9	0	0	1	0	3	109
Gentle Table Cloth	6.7460964101740455	6	3	0	0	0	1	0	0	0	0	5	25
soulj a boy swagga	7.752067547986293	12	9	0	0	0	59	0	0	2	0	19	99
Bee Lord	3.7167997891729567	3	2	0	0	0	0	0	0	0	0	0	6
cat fan	3.0158577517927947	7	4	0	0	0	0	0	0	0	0	0	4
thomgar	8.902916291855211	6	2	0	0	0	0	0	0	0	0	0	5
Maskling	7.248684040805862	16	15	0	0	0	65	0	0	2	0	2	24
SpaceBard	6.212285712558628	6	3	0	0	0	0	0	0	0	0	2	15
Jile	7.761843378759894	6	3	0	0	0	0	0	0	0	0	0	36
Elgeehache	5.725153707548583	10	4	0	0	0	14	0	0	0	0	1	34
Terror-Tree	8.091245341865605	8	3	0	0	0	0	0	0	0	0	1	0
✪ Snikkel12 ✪	5.673361491334621	7	5	0	0	0	1	0	0	0	0	4	82
semilight	4.112312730508996	6	4	0	0	0	2	0	0	0	0	3	46
JonekS	4.789573894240994	9	5	0	0	0	0	0	0	0	0	9	67
Strauss	3.785926118478708	5	4	67	19	1945	0	0	0	0	0	13	80
lu.♥	4.167681964191249	28	22	108	1	1582	107	0	0	2	0	15	46
Thomas the vape engine	4.6832490484269735	5	4	0	0	0	1	0	0	0	0	8	74
n_floura	15.576214092766516	12	4	0	0	0	1	0	0	1	0	1	83
AJIb6oM*	11.109441042350163	7	2	0	0	0	50	0	0	0	0	0	28
Hardwell	5.521013169189732	6	4	0	0	0	9	0	0	0	0	4	108
Plaque Doc.	4.424712369230785	0	0	0	0	0	1	0	0	0	0	0	1
Hardwell	5.521013303698032	6	4	0	0	0	9	0	0	0	0	4	108
Micha-died	5.879172005738653	3	2	0	0	0	0	0	0	0	0	0	61
Что такое КОБ?	5.418685191163484	7	5	0	0	0	3	0	0	0	0	0	22
ForestOrc	5.219552801107156	16	14	211	31	3392	5	0	0	5	0	22	118
Rrori	5.2694450590630915	16	12	74	154	4303	3	0	0	2	0	9	158
Gazz	0.6795487425425811	0	3	4	51	418	0	0	0	0	0	1	9
♔КЛУБНИЧКА FBI♔	2.507640391528334	27	17	0	0	0	29	1	0	2	0	3	69
Бесяра l YouTube	2.1726930882400937	4	4	13	6	989	1	0	0	0	0	18	0
%ghtght#	2.4608285528763125	4	4	21	73	800	2	0	0	0	0	10	73
Anime na ave = mat' v kanave )	4.080522258749548	14	6	0	0	0	10	0	0	0	0	12	33
МУЛЬТИБРЕНДОВЫЙ	3.965465757034156	3	3	0	0	0	0	0	0	0	0	6	41
О.Gufi	4.520632199081951	3	2	0	0	0	0	0	0	0	0	0	17
Dmitry★skingame.co★	4.543079488611301	4	4	0	0	0	0	0	0	0	0	0	18
PiTiK	4.53209324850427	15	7	0	0	0	1	0	0	0	0	5	31
D1zzka	1.8656203802999192	5	4	0	0	0	1	0	0	2	0	3	33
reverse	0.27192637597580116	25	13	67	25	1204	0	1	0	0	0	5	94
SosiskaKILLER	1.257281624551339	3	3	17	6	866	5	0	0	0	0	2	156
Romys16	2.836582615333862	26	15	0	0	0	33	1	0	2	0	4	57
✪Spooky Da Scary	2.2547095355035265	71	75	133	21	18426	93	1	0	3	0	16	331
doc	3.2856185827745525	10	5	0	0	0	0	0	0	0	0	16	60
BIG SMOKE	3.73757522164041	4	3	0	0	0	4	0	0	0	0	17	213
Ov3rLoad	6.586276341534958	13	5	30	0	1130	1	0	0	1	0	2	76
De_cache	3.7412615987008473	1	3	0	0	0	0	0	0	0	0	1	43
BaTmAnIsHerE	4.158319073132676	3	2	0	0	0	0	0	0	0	0	0	91
Mohanad Reda	5.180055135401961	7	4	0	0	0	1	0	0	0	0	7	73
Ahmed_X98	3.9832332781684134	0	1	0	0	0	0	0	0	0	0	2	2
Mohanad Reda	5.180055275944557	7	4	0	0	0	1	0	0	0	0	7	73
❤ Man1ac	4.743184253279145	3	3	0	0	0	0	0	0	0	0	11	98
Admiral	3.347621526700494	5	4	20	0	2314	0	0	0	0	0	3	70
HawK	4.846298429374788	5	4	0	0	0	1	0	0	0	0	10	55
Internet Explorer	6.842758140296357	6	4	0	0	0	0	0	0	0	0	8	71
choooo™	11.107299322282175	25	24	0	0	0	3	0	0	2	0	202	294
Vermilion Wlad	10.38049876776101	263	559	0	0	0	6196	1	601	92	0	13	570
Vikkermann	9.328124195430913	37	48	0	0	0	611	0	0	2	0	29	62
How Tuts/WINS	11.071261196863192	8	3	0	0	0	5	0	1	1	0	78	95
^2mo^1ha^1mm^2ed^9-^120^205	9.223033137738017	5	2	0	0	0	0	0	0	0	0	0	11
^2CyBorG	10.20511524190757	6	2	0	0	0	0	0	0	0	0	8	15
JejNao	9.219168949841675	11	6	0	0	0	0	0	0	0	0	5	65
smallfu	6.1989816411032495	4	2	0	0	0	0	0	0	0	0	0	6
Abcle	9.00755728669813	10	4	0	0	0	0	0	0	0	0	0	11
Liam💀	6.419483593027765	8	4	0	0	0	0	0	0	0	0	4	32
Jake	9.408006282690499	7	2	0	0	0	0	0	0	0	0	0	14
liam_0014	9.413654596428257	11	7	0	0	0	20	0	0	1	0	1	16
SirMikeyB	13.561772904306785	9	2	0	0	0	0	0	0	0	0	0	12
OriginalNorris	11.553360253319363	10	3	244	1	988	1	0	0	2	0	1	8
liam_0014	9.41365480807391	11	7	0	0	0	20	0	0	1	0	1	16
sm12197	3.6295714596682154	2	2	0	0	0	0	0	0	0	0	0	1
liam_0014	9.41365497810837	11	7	0	0	0	20	0	0	1	0	1	16
Jake	9.408006810935234	7	2	0	0	0	0	0	0	0	0	0	14
Dot Cotton	9.314491744755701	7	3	0	0	0	2	0	0	0	0	4	17
Jake	9.408006983430978	7	2	0	0	0	0	0	0	0	0	0	14
OriginalNorris	11.553360812531313	10	3	244	1	988	1	0	0	2	0	1	8
RythBlade	10.12089506679173	10	5	0	0	0	0	0	0	0	0	2	27
OriginalNorris	11.553360956784616	10	3	244	1	988	1	0	0	2	0	1	8
Cakez0r	9.182900228046089	12	7	0	0	0	0	0	0	0	0	6	65
☺☻ brother ☻☺	10.184506637352461	13	8	0	0	0	7	0	0	0	0	15	65
Joonga	7.469288563541074	6	3	0	0	0	1	0	0	1	0	3	47
Wack	5.628226775371578	26	24	0	0	0	30	0	0	3	0	15	53
Drifter	4.09202859165482	14	9	44	43	1993	5	3	0	4	0	3	48
satinrocket384	2.0562044741185876	3	3	14	0	0	0	0	0	0	0	3	16
Drifter	4.0920287377192155	14	9	44	43	1993	5	3	0	4	0	3	48
Lord Yolek	4.579592265228854	4	3	0	0	0	1	0	0	0	0	16	45
The Nealism	3.031144732049573	8	7	0	0	0	24	0	1	1	0	26	169
seth carry vape nation	6.062283434454021	12	5	0	0	0	0	0	0	0	0	11	300
Scrappie Coco	5.521743656414504	3	2	0	0	0	0	0	0	0	0	0	3
seth carry vape nation	6.0622835788788345	12	5	0	0	0	0	0	0	0	0	11	300
little fluffy kitten	3.987869024347996	7	4	0	0	0	0	0	0	0	0	7	121
Ghosty	4.0860603700545175	12	8	0	0	0	0	0	0	0	0	5	74
Scooter Gang	5.292094729503624	11	6	39	3	1821	11	0	0	2	0	1	37
Scharkiee	3.7405024644383875	5	4	0	0	0	31	0	0	0	0	1	45
BeasT	10.96436550950297	6	2	0	0	0	0	0	0	0	0	0	8
Killertoxic	4.368107083623601	6	4	0	0	0	3	0	0	1	0	5	153
Zeus,	3.593000868198965	5	4	0	0	0	0	0	0	0	0	3	127
How Unpleasant	4.610060235581607	9	4	0	0	0	0	0	0	1	0	14	79
Bee Nasty	1.8321110687963644	1	2	0	0	0	0	0	0	0	0	3	91
bench	4.022511169713124	59	51	60	3	1773	0	0	0	1	0	5	200
jo	5.005052758561112	20	17	0	0	0	78	0	0	1	0	28	120
house of balloons	6.027073399370671	17	9	0	0	0	1	0	0	1	0	10	32
Friecken Riecken	5.144769955156086	20	20	0	0	0	49	0	1	1	0	9	21
LEGEN80T	3.535653008120744	5	4	0	0	0	0	0	0	0	0	2	25
MC Hatter	3.267682144146615	5	4	0	0	0	82	0	0	1	0	5	25
Saffron	6.706315326857308	8	4	0	0	0	8	0	0	2	0	10	15
u THOT rong	7.58546862974471	10	5	0	0	0	42	0	0	1	0	6	39
HedgesFleur	6.699767454468526	5	3	0	0	0	0	0	0	0	0	1	9
u THOT rong	7.585468797191509	10	5	0	0	0	42	0	0	1	0	6	39
Griff Raff	6.727243228663524	12	7	0	0	0	167	0	0	2	0	7	37
QuackPham	5.5314014496360855	5	3	0	0	0	0	0	0	0	0	3	20
Kommander Moose	6.1995261995411965	11	8	0	0	0	627	0	0	2	0	28	50
Stormerang	8.39957588600116	9	5	0	0	0	0	0	0	1	0	2	40
HavocComplex	8.505844962842858	42	75	0	0	0	2	0	0	1	0	2	50
CaptainBobo	13.20036751491598	20	15	0	0	0	33	0	0	5	0	10	125
SONOR	11.54752129099231	26	20	2035	0	7768	1	0	0	7	0	85	337
Akylen	11.654908791871836	23	5	3097	0	0	0	0	0	1	0	37	277
McFly	14.361965990102915	72	68	5051	10	6317	2549	0	0	153	0	233	314
Schwarzer Kaiser	9.160951496263458	50	49	1240	15	4764	0	1	1	7	0	527	125
tsiwmike #Ecosia.org	7.412357258615073	75	165	720	12	4951	9	0	0	3	0	148	217
PopPop	5.579735832801375	12	7	0	0	0	47	0	0	3	0	33	261
NumnerPeasent	3.0375315290880214	4	3	36	25	1048	0	0	0	0	0	8	128
Supreme Yamaka	3.4374791231364967	4	3	0	0	0	0	0	0	0	0	4	209
Weeb	3.3527950148398746	6	5	78	4	933	47	0	4	3	0	7	113
Cameron R.	4.28699110596405	8	6	0	0	0	6	0	0	1	0	12	175
Alex DUnn	2.2317069846971167	0	0	0	0	0	0	0	0	0	0	0	4
TheGamingSkull	6.101084370455619	9	5	0	0	0	3	0	0	0	0	2	28
Ol Rusty Nuts	2.3085031604943977	2	2	0	0	0	0	0	0	0	0	4	15
╲⎝⧹Stoner⧸⎠╱ ☄ #OriginalSinner!	8.539136751215366	8	4	124	0	2285	38	0	0	0	0	5	125
MrAdriaxis	6.813807420326377	28	33	161	25	3788	14	0	8	4	0	9	146
MEFEK Key-Drop.pl	2.797661700536558	3	3	46	66	2467	5	0	0	0	0	39	243
Siogun Pr3datorX	7.139691696700796	24	19	105	93	6911	360	7	0	1	0	5	274
Cody Evans	9.074054314659808	25	16	0	0	0	191	0	27	14	0	3	31
[Crimson] Greedo	3.8300497655113572	42	21	0	0	0	90	0	0	1	0	3	75
DCliv3	6.391430570448529	20	21	177	24	6283	400	1	0	5	0	69	40
Lechu Firestone Foundation	6.000144607601585	23	24	177	24	4026	352	5	40	13	0	27	160
Kopcio	3.980606270628864	12	12	0	0	0	0	0	23	3	0	8	289
Hassenko	6.67586910671277	23	24	306	49	3336	89	1	0	2	0	3	104
Godlo™ ЯPK'	10.315314149760122	37	46	0	0	0	685	1	7	35	0	126	285
Weglarz	10.213040448733436	16	13	0	0	0	2	0	0	4	0	7	72
Fryta7	5.28515717859003	8	5	0	0	0	0	0	0	0	0	1	23
Alpakapaka	9.132017757126565	7	3	0	0	0	0	0	0	0	0	2	35
Marokos	7.312259598824433	6	3	0	0	0	0	0	0	0	0	14	71
MiltenMichal	8.153372812927374	7	4	0	0	0	0	0	0	1	0	2	81
MrGrayson	8.520356392292271	25	23	0	0	0	93	0	0	5	0	4	18
Boggrat	2.75957148999855	12	8	0	0	0	0	1	0	3	0	2	3
JaffaJoy	6.437958929116233	22	15	128	0	349	1	0	0	1	0	4	6
MrGrayson	8.520356638386513	25	23	0	0	0	93	0	0	5	0	4	18
villan1413	11.293038868205105	10	3	0	0	0	1	0	0	0	0	2	10
Hexopian	10.202317337274536	7	3	0	0	0	0	0	0	0	0	1	4
Snake	10.463063523075993	31	32	639	49	9096	306	11	4	40	0	6	123
Darth Jar Jar	3.8839993945306355	3	3	0	0	0	0	0	0	0	0	0	11
Snake	10.463063686270232	31	32	639	49	9096	306	11	4	40	0	6	123
originalnidigitalni	3.2469165018081503	6	6	0	0	0	292	0	0	0	0	1	4
Dux	2.2326429590355286	10	5	0	0	0	4	1	0	1	0	1	12
originalnidigitalni	3.246916662427343	6	6	0	0	0	292	0	0	0	0	1	4
Knifety	4.5199666193155075	4	3	0	0	0	0	0	0	0	0	0	6
mimosb	4.27878114527337	3	2	0	0	0	0	0	0	0	0	0	2
Knifety	4.519966754792419	4	3	0	0	0	0	0	0	0	0	0	6
mimosb	4.278781275626323	3	2	0	0	0	0	0	0	0	0	0	2
Dox | trade.tf	7.068086613198659	6	3	0	0	0	8	0	0	0	0	3	13
Pornstache	8.23600704808825	8	3	0	0	0	15	0	0	1	0	2	34
tUMA	9.25765210922234	16	12	0	0	0	6	0	0	1	0	69	76
ProfJam	5.736060916569491	9	6	0	0	0	0	0	0	1	0	2	35
KR3X	4.3041855336065105	12	6	44	0	0	21	0	0	1	0	0	242
Tadinha Delas	6.2567355424935736	5	3	0	0	0	0	0	0	0	0	3	33
Fab.Cryptic	5.701196144871727	16	14	0	0	0	364	0	0	7	0	20	79
Joose	3.8979875566051323	6	5	0	0	0	4	0	0	1	0	9	128
Tyrone Biggums	7.722307587247424	10	5	0	0	0	4	1	0	3	0	26	92
IMOGEN	4.873196674110282	9	6	0	0	0	2	0	0	1	0	0	7
Sibits3399	1.4493470425718042	4	3	0	0	0	0	0	0	1	0	1	6
Falcre	6.073227234448267	14	10	59	1	6159	15	0	0	1	0	3	65
nova	4.109280731411693	17	15	61	0	592	4	0	0	0	0	0	15
Falcre	6.073227376440404	14	10	59	1	6159	15	0	0	1	0	3	65
Joukiyo	3.8430135216853802	4	4	0	0	0	3	0	0	0	0	0	14
Falcre	6.073227518734693	14	10	59	1	6159	15	0	0	1	0	3	65
🐲OrbitingAncient🐉	2.421990864524694	41	55	171	65	2673	8	0	0	6	0	41	185
Mecha-VSD	2.8024849983660975	5	4	0	0	0	5	0	0	1	0	31	92
NICKK ERRRR	5.3714690215812	6	4	0	0	0	2	0	0	1	0	7	216
Im KennyC	2.670904753438875	13	8	0	0	0	24	1	0	1	0	30	180
Samuelegopkl	3.7371424437809617	5	4	0	0	0	3	0	0	0	0	6	34
Im KennyC	2.6709049807142584	13	8	0	0	0	24	1	0	1	0	30	180
iGOTbigDIckBoi	3.6860150731878947	3	2	0	0	0	0	0	0	0	0	0	31
patrickcelis	3.99026322767893	2	2	0	0	0	0	0	0	0	0	0	9
iGOTbigDIckBoi	3.6860152164657123	3	2	0	0	0	0	0	0	0	0	0	31
J.Carlos	5.542775361113972	3	2	0	0	0	0	0	0	0	0	0	8
patrickcelis	3.9902634364442964	2	2	0	0	0	0	0	0	0	0	0	9
iGOTbigDIckBoi	3.686015396593187	3	2	0	0	0	0	0	0	0	0	0	31
Pharaoh'sJackal	3.1306730946571637	12	8	59	0	1382	491	0	0	1	0	14	277
mazziel ♥	1.3634920988986785	4	4	0	0	0	0	0	0	0	0	6	106
HawkManWild™	2.9779695168973257	6	5	0	0	0	60	0	0	1	0	8	19
Noble 4	3.075108628361124	10	6	0	0	0	29	2	0	0	0	1	3
HawkManWild™	2.9779696634911916	6	5	0	0	0	60	0	0	1	0	8	19
Sharedeagle	3.8836796926167607	7	4	0	0	0	80	0	0	1	0	8	14
White power csgoempire.com	2.7005913809114137	4	4	0	0	0	0	0	0	0	0	2	34
s1mple	3.1524114935709884	4	4	0	0	0	4	0	0	0	0	20	149
Trashicus Maximus	3.28993520485629	5	4	0	0	0	12	0	0	1	0	4	168
ICE Beast	2.098159177705517	4	4	0	0	0	1	0	0	0	0	18	186
REDASSASIN1	2.2345107594167803	2	2	0	0	0	0	0	0	1	0	3	26
MoonMan	3.3988732466110796	4	4	0	0	0	0	0	0	1	0	15	30
Salt	2.463319342491788	5	4	0	0	0	1	0	0	1	0	3	24
[K-G] JLcombest	4.719957634143701	5	3	0	0	0	6	0	2	0	0	13	77
MrBenFTW	5.517815111233205	5	3	0	0	0	172	0	4	1	0	11	64
MasterUhu	6.7478250096957435	8	4	69	101	7058	1302	0	24	4	0	1	71
Ponimar	8.98088199361213	29	25	0	0	0	43	0	0	2	0	6	69
dushka	10.153854309636277	8	3	0	0	0	0	0	0	0	0	4	177
Mne A. Wigley [539]	3.1915288287138255	9	5	219	25	4994	8	0	0	1	0	26	118
yung emz	5.169740528502678	20	11	0	0	0	3	0	0	3	0	2	54
SplashYourDad	4.351644602589502	4	3	0	0	0	0	0	0	0	0	2	14
Hello? Dis Lil Pump...	5.142443144015541	4	3	0	0	0	0	0	0	0	0	1	10
aus	5.436022516100623	10	4	0	0	0	78	2	0	3	0	9	51
Sean The Banger	11.043190064281557	25	26	0	0	0	367	2	0	9	0	300	118
ᚱᚨᛗᛋᛖᛉ	9.709762556695887	131	374	0	0	0	0	0	16	0	0	17	50
Rakumu	5.994772257724075	24	21	0	0	0	0	0	0	0	0	2	68
MeetSLEIGH106	4.0571592766694655	4	2	0	0	0	0	0	0	0	0	0	7
FML!	3.9404962679770987	10	5	60	40	4892	40	0	0	1	0	13	67
Le Deut	9.39674560979538	13	7	155	46	9778	31	0	0	1	0	13	84
MurDoC	11.575460552612343	12	5	0	0	0	9	1	0	1	0	105	296
smoothcoolkid	4.912060003446904	8	5	0	0	0	0	0	0	0	0	0	20
Evil_Bunny	15.360351827384598	10	3	0	0	0	0	0	0	3	0	11	102
BelgianWaffle	6.263522351595796	4	2	0	0	0	9	0	0	0	0	0	18
Zorko21	5.666107580786849	5	3	0	0	0	4	0	0	0	0	2	35
Papa G	15.545887387937706	10	3	0	0	0	8	0	0	0	0	14	67
Dafz	6.25207638364133	8	5	0	0	0	0	0	0	1	0	1	27
Fu-Chan / Yim	6.069359337456096	8	4	0	0	0	5	0	0	0	0	6	11
Spurdo Spärde	7.266204220824121	6	3	0	0	0	18	2	0	0	0	2	13
ΤελευταίοςΠιστός	5.369457016367732	6	4	0	0	0	4	0	0	0	0	5	51
EliteNoob	9.686841581257601	16	12	0	0	0	173	0	0	2	0	0	73
🎲Ganja♣	3.2712792107746087	11	8	38	94	5035	56	0	0	1	0	0	111
John	6.8026875288918935	47	67	0	0	0	6	0	0	2	0	23	92
ay..♥	4.759446933896136	15	6	35	14	286	5	0	0	2	0	2	29
Nemesis	5.642023060199188	20	22	299	0	2825	94	0	6	2	0	4	141
Mitch	7.117834683835	10	6	0	0	0	0	0	10	1	0	3	33
Samuwhale	7.484804643165719	17	14	0	0	0	20	0	0	0	0	8	85
Hipzie	8.334617621386592	21	17	0	0	0	27	0	2	0	0	3	117
MarMadLad	6.5948510637119115	19	18	0	0	0	2	0	0	1	0	3	88
rZergling	6.890451798193168	8	4	0	0	0	3	0	0	0	0	0	57
CybeRyo	3.0000680081870716	6	4	0	0	0	4	0	0	0	0	9	180
©Lucky©	3.74295775818892	10	7	21	22	975	1	1	0	1	0	1	72
БРИТАНСКИЙ ЛЕТЧИК	2.2718830526140836	8	5	54	69	916	7	0	0	1	0	8	80
АГЕНТ АГЕНТА ГАБЕНА	2.2742850325478026	0	0	0	0	0	0	0	0	0	0	0	2
БРИТАНСКИЙ ЛЕТЧИК	2.271883176932967	8	5	54	69	916	7	0	0	1	0	8	80
ОЛИВКА	2.1187768882567024	5	5	34	0	702	0	0	0	1	0	10	51
Pablo Coxobar	7.387128794506299	6	3	0	0	0	7	1	0	1	0	15	29
ElenkoM	4.585508262762188	0	0	0	0	0	0	0	0	0	0	0	3
Pablo Coxobar	7.387128913676297	6	3	0	0	0	7	1	0	1	0	15	29
Kirito	6.293424022727399	6	4	0	0	0	0	0	0	1	0	6	69
Ваня1983	6.817242216958704	6	4	0	0	0	4	0	0	0	0	0	16
Kirito	6.293424164956216	6	4	0	0	0	0	0	0	1	0	6	69
[Ru].Kasper	6.462532524888329	4	2	0	0	0	1	0	0	0	0	3	45
PADLA	11.181305509733631	7	3	0	0	0	0	0	0	0	0	3	46
Оленята	5.329362830664303	4	3	0	0	0	17	0	0	0	0	0	57
Try again...	3.4254992924606826	5	4	0	0	0	0	0	0	1	0	10	73
Ʀєd бuℓℓ	1.0524953027214046	1	2	1	107	550	0	0	0	0	0	1	19
✪☈☮βῩ-iwnl✪[LV]	1.6381842562383364	3	4	0	0	0	0	0	0	0	0	1	106
Cool Aha	3.9924209742601127	5	4	6	65	3443	80	0	0	0	0	5	129
Dickhause Productions	3.955919135851773	4	4	0	0	0	0	0	0	0	0	0	75
Manta	1.7532193967932101	4	4	0	0	0	0	0	0	0	0	2	6
Colibri	7.073002047239026	12	5	0	0	0	10	0	0	1	0	22	94
OmaXa	3.8270175779805773	4	3	0	0	0	0	0	0	0	0	5	24
Kappy Juice	3.1620896139738672	4	4	0	0	0	9	0	0	0	0	13	27
WaLo	9.383705102404843	18	12	0	0	0	7	0	0	1	0	19	317
Pomm3s	3.512814297739615	6	4	0	0	0	4	0	0	0	0	12	39
QSS♥DominiCus#DCMBR♥SSQ	2.7618361017970887	6	5	0	0	0	0	0	2	1	0	10	133
NOSKILL(◣_◢) CS.MONEY	2.931333791883319	9	5	0	0	0	0	0	0	1	0	10	80
GLUT (◣_◢)	1.9596471797693644	3	3	0	0	0	0	0	0	1	0	1	18
kubamil2506	3.2549545949614105	4	3	10	8	523	0	0	0	0	0	0	9
dawidooo98pl	0.12559256173911462	1	1	0	0	0	0	0	0	0	0	0	3
kubamil2506	3.254954734462339	4	3	10	8	523	0	0	0	0	0	0	9
WujeklRaD^^	1.5532703457843722	2	3	0	0	0	0	0	0	0	0	2	52
Quikerr	15.278819818028268	10	4	0	0	0	1	0	0	0	0	14	237
Rumcajs1308 Key-Drop.pl	5.240967588187012	7	4	0	0	0	1	0	0	1	0	2	41
zirh0c1	3.9971136091641593	3	3	0	0	0	0	0	0	0	0	0	18
No_nieźle	2.9257463910504837	3	3	0	0	0	0	0	0	0	0	4	33
lol	6.660285255605175	7	4	28	0	1124	16	0	4	0	0	7	139
Ousmane Dembele CS.MONEY	3.849447671811935	3	3	0	0	0	0	0	0	0	0	8	89
macius z klanu'	5.2160191811689085	5	4	0	0	0	0	0	0	0	0	14	87
FlowingPhantom	4.006497207989303	4	3	0	0	0	0	0	0	0	0	1	28
LizardsDen	4.581000602012772	4	3	0	0	0	1	0	0	0	0	11	47
Vivenologgy	6.674840873478005	27	32	0	0	0	47	0	0	0	0	44	127
Konstantynopolitańczykowiak	3.278848889697428	11	4	0	0	0	93	0	1	1	0	14	116
criminal Гаек	2.6966610725808193	4	4	0	0	0	9	0	0	0	0	13	124
Qu1x	4.038083001849488	10	5	14	0	0	56	1	0	1	0	4	250
JQBojan #Powrót	15.384803963324917	13	5	0	0	0	0	1	0	1	0	16	193
Czuły Paweł	4.433358509167538	6	3	0	0	0	19	0	0	0	0	10	48
PEJNI	5.063292036794265	19	9	0	0	0	7	0	0	1	0	33	216
sk8er boi	4.9719772013502865	5	3	0	0	0	4	0	0	0	0	15	115
FreeAcer	8.35409439311437	6	3	0	0	0	0	0	0	0	0	9	115
anjino	14.224441675104202	8	2	0	0	0	1	0	0	0	0	0	4
Иисус	6.79132453652762	6	4	0	0	0	10	0	0	0	0	2	26
SAMBIST ☭	5.243042471687543	3	2	0	0	0	5	0	0	0	0	2	32
SukaCobra	6.181854607415495	5	3	0	0	0	0	0	0	0	0	12	184
Pick	7.567285477724673	6	3	27	0	661	0	0	0	0	0	3	38
LEBEDISKA	3.7777463783874525	6	4	0	0	0	14	0	0	1	0	3	18
Pick	7.567285608154355	6	3	27	0	661	0	0	0	0	0	3	38
Sxiten_	3.1588909108404772	0	0	0	0	0	0	0	0	0	0	0	5
DeFrOsYоN™	4.636957710361031	23	13	37	0	113	1	0	0	1	0	5	152
qeR	0.34287492439439604	2	2	5	26	180	0	0	0	0	0	2	71
S k y	0.6865438681853295	1	1	0	0	0	0	0	0	0	0	0	2
McCallan 24A	7.557093067768025	6	3	0	0	0	19	0	0	1	0	7	139
Olajide Olatunji	2.5456135268495776	4	3	0	0	0	5	0	0	1	0	10	171
Flickzera	3.0993043590009526	7	6	17	69	1624	0	0	0	0	0	16	210
Kwyzz	4.817255804967875	6	4	53	0	0	0	0	0	1	0	11	99
MountFranklin Sparkling	4.304620161019322	12	9	0	0	0	2	0	0	2	0	5	55
