✪ Kansur	6.054408218307725	7	5	12	0	1000	0	0	0	0	0	5	64
Ghost	4.268698302061651	4	3	0	0	0	0	0	0	0	0	3	40
guestone	11.218813783003881	11	4	0	0	0	0	8	0	1	0	9	134
guestinho	12.644170676543855	7	3	0	0	0	0	0	0	0	0	3	41
juanito2k 1	11.221378546917299	7	2	0	0	0	0	0	0	0	0	13	33
tipicoaldeano	14.582847032520286	8	2	0	0	0	0	0	0	0	0	9	38
Kaos.bcn	7.914194410887007	6	3	0	0	0	8	0	0	0	0	5	62
EsP-cHaNkLeTe	13.87175415162863	17	8	0	0	0	1	3	0	8	0	3	310
ToxıC	2.8136065087331574	14	9	0	0	0	300	2	3	1	0	8	205
PutoCalvo	2.2245078543054233	3	3	0	0	0	0	0	0	0	0	3	245
Evil of dead	8.092461497683882	5	2	0	0	0	0	0	0	0	0	1	49
Victorious17	1.3343191088357518	1	2	0	0	0	0	0	0	0	0	2	89
ＴＲＡＳＨ 新 ドラゴン	6.720400796789965	6	4	0	0	0	0	0	0	0	0	2	68
☯MrPandow☯	3.873429879757322	5	4	0	0	0	14	0	0	0	0	0	61
javi	5.271219305942804	7	5	0	0	0	0	0	0	0	0	1	18
ellech3r0	4.145213243723861	5	4	19	16	3442	10	0	0	0	0	3	159
Bulbie's Padawan	5.180932543039473	14	7	0	0	0	12	2	0	1	0	9	184
Rex	6.193969835691755	12	9	0	0	0	175	0	1	2	0	9	76
lofi	2.2294952708889633	3	3	0	0	0	0	0	0	0	0	0	139
f1nest [tB]	14.959676830706819	9	3	0	0	0	0	0	0	0	0	9	39
StonedRick	4.942171198832654	4	3	0	0	0	1	0	0	0	0	2	77
silenced_smile	4.178141866255569	10	8	86	0	2975	0	0	0	0	0	0	48
Nicht Aktiv	1.404787580389471	2	3	0	0	0	0	0	0	0	0	10	35
Bambelbee	6.382741243396546	8	4	0	0	0	17	0	0	0	0	10	57
Twitch/xxRaptixlp	7.185764267296537	5	2	21	30	1102	35	0	0	0	0	4	29
STARI	4.2898016250291064	4	3	19	12	529	1	0	7	1	0	5	46
Der Alex HD	3.9279656193962276	5	4	17	291	19941	250	0	0	0	0	7	61
Scania_R730V8 (.TA.)	4.005561800343216	4	3	0	0	0	321	0	0	0	0	5	46
IronViper2	6.252037734989313	7	5	0	0	0	22	0	0	0	0	8	42
Cerberus	14.041598299122986	10	4	0	0	0	2	0	0	0	0	3	61
Nico168299	4.763673889344051	7	4	0	0	0	0	0	0	0	0	16	200
KiZo	5.698339985202338	9	5	0	0	0	3	0	0	1	0	5	18
Lil'Pepe	3.268108796761498	8	4	203	0	195	15	0	0	0	0	2	10
L0ST_MY_GH0ST	3.6081843688841597	6	4	0	0	0	18	0	0	1	0	4	16
iasha	3.0302065149343815	11	9	49	29	1398	19	0	0	0	0	1	120
Zé da Tina	3.4185338043359965	5	5	0	0	0	10	0	0	0	0	8	134
taikhoom2468	3.0222897201078927	3	3	0	0	0	1	0	0	0	0	4	67
Sage	1.5404093841844742	2	3	0	0	0	1	0	0	0	0	2	35
LuckyWolfz	2.372412016371886	4	4	0	0	0	0	0	0	0	0	2	77
09	2.421761994101791	4	3	0	0	0	0	0	0	0	0	5	61
Leie03	1.555727766548458	1	2	0	0	0	0	0	0	0	0	0	96
twitch.tv/jesus_italy	1.5406678184125477	2	3	27	30	782	0	0	0	0	0	2	105
$_N_O_R_F_T_$	2.6362930692315163	12	9	28	34	1158	23	3	0	1	0	6	42
DiXoN	2.4058046121882084	25	12	28	12	3507	123	0	0	0	0	26	329
Seller	1.7593519230635715	3	4	0	0	0	7	0	0	0	0	7	36
Đ Ę Š Ĭ Ř Ę	2.272029391500413	4	5	9	0	565	18	0	0	1	0	7	53
KNOWINGRABBIT	3.342284164778423	4	4	0	0	0	38	0	0	0	0	3	5
-d	0.7626289819259441	20	8	6	15	209	0	0	0	1	0	2	22
666ʍąʍ1ɨǿ666	2.824629990257795	21	19	104	5	1781	214	2	0	1	0	47	130
Itachi Uchiha	2.9103115542040885	3	3	0	0	0	0	0	0	0	0	1	58
†MONASHKA†	2.28217249284386	9	5	0	0	0	4	0	0	0	0	0	90
topovaya	5.188995369562064	9	3	0	0	0	19	1	0	1	0	4	135
Архаровец Inject	4.807370524363801	15	9	70	0	3870	3884	0	0	2	0	137	302
leave me alone	4.210337766730554	18	12	49	0	2350	39	0	0	2	0	50	79
maraque	3.7234153948618953	4	4	26	1	414	4	0	0	1	0	3	107
pcevdoinzhener	2.6050254802282	3	3	0	0	0	2	0	0	0	0	7	16
Meow	2.194469321572602	1	1	0	0	0	1	0	0	0	0	0	15
pcevdoinzhener	2.605025627087868	3	3	0	0	0	2	0	0	0	0	7	16
Leaver from Lyubyatovo	3.1832924588004654	4	3	0	0	0	0	0	0	1	0	3	20
pinog	2.4390923178811508	15	19	0	0	0	0	0	0	1	0	0	9
WHY VOLVO?!	2.0172701457136557	7	5	0	0	0	20	0	0	0	0	3	43
pinog	2.439092465651339	15	19	0	0	0	0	0	0	1	0	0	9
jeteex	14.1308781054768	56	56	0	0	0	5	0	0	1	0	62	99
pinog	2.439092637179891	15	19	0	0	0	0	0	0	1	0	0	9
Русский полисмен	2.4964232269603928	3	3	0	0	0	0	0	0	0	0	0	6
Mracо •	1.183096460323348	1	2	2	0	254	0	0	0	0	0	0	9
хороший мальчик---	1.1402904342743934	0	0	0	0	0	0	0	0	0	0	3	38
Kykycuk	1.2085899354871126	2	3	0	0	0	3	0	0	0	0	1	58
lukabrazi26	1.0905150040478226	1	2	0	0	0	0	0	0	0	0	0	8
mIron4iK	1.2164192035677452	4	4	0	0	0	2	0	0	0	0	3	75
Hatsune Miku	1.1312393066925424	10	7	12	0	582	51	0	0	0	0	46	90
$$$	3.1588639704800467	10	5	35	0	684	7	1	0	2	0	10	38
!!!	3.1994407970282643	6	4	0	0	0	19	0	0	1	0	3	41
Твоя зайка	1.9344376338199194	3	5	25	8	1525	0	0	0	0	0	3	99
_Prosto_Rasher	0.46699379424499804	3	2	0	0	0	30	0	0	0	0	0	8
楤✈Morty	0.33197848853076517	0	1	0	0	0	0	0	0	0	0	3	15
Ramil	1.7722781854971812	9	6	17	59	550	19	0	0	1	0	2	57
Doshiman(2)	1.2744972101590963	1	2	0	0	0	0	0	0	0	0	0	4
Ramil	1.7722783248667968	9	6	17	59	550	19	0	0	1	0	2	57
m0untain	4.792607754359719	13	8	34	0	873	1	2	0	1	0	31	115
Meryus  $$$$	2.6584677824583496	4	4	21	0	1133	0	0	0	0	0	37	253
iamspliteBananaU4	2.366388882979864	3	3	0	0	0	0	0	0	0	0	4	17
Meryus  $$$$	2.658467940594795	4	4	21	0	1133	0	0	0	0	0	37	253
IOAN CRENGuțăC	3.4189949018963097	11	11	34	0	1918	4	0	0	1	0	0	145
Ave Dutzu  ß	2.7264209618730963	4	4	0	0	0	0	0	0	0	0	22	150
FrAtEm!O	7.361011656765032	5	3	0	0	0	0	0	0	0	0	37	174
Spartanu	3.362218197962283	4	4	0	0	0	0	0	0	0	0	6	141
SAMSUNG	6.60468521830757	5	3	0	0	0	0	0	0	0	0	10	62
Dj Snake	3.9176238221634856	6	4	0	0	0	3	0	0	0	0	81	238
StarGOD	3.8876845717503827	4	4	10	0	1061	0	0	0	0	0	16	124
AVANTU PRABUSIREA	6.748704699867605	6	4	0	0	0	0	0	0	0	0	4	70
Ivan	4.931197294873432	8	5	0	0	0	0	0	0	0	0	3	38
👑Duzbee 🍤 VGOSkins.net	4.526835959271194	235	620	87	17	3700	25	0	0	4	0	19	506
ЕБАНЧАЙ	1.6521662369150534	12	9	26	0	859	9	0	0	1	0	30	0
QQ	2.065776681041775	3	3	0	0	0	0	0	0	0	0	2	14
ุ	3.0850414908475634	4	3	0	0	0	5	0	0	0	0	4	174
mambo_ed	3.2086727996363607	6	4	22	38	812	2	0	0	1	0	7	33
HARIMUS2018	4.361292024797863	10	6	0	0	0	5	0	0	0	0	5	149
br0ke<3	2.9012236964511486	14	8	29	69	2807	109	0	0	1	0	46	167
EmilShe1n	4.63821300909249	47	93	17	0	0	8	0	0	0	0	8	470
k4sl	4.973385086842739	25	21	81	72	9148	0	0	0	0	0	0	82
ex4mple	5.120027145321058	30	21	97	0	0	5	0	0	0	0	40	174
AKIMOV	11.4223069648857	81	104	0	0	0	3	2	0	36	0	1	133
QGAR	4.887786003783247	33	30	168	58	5915	306	0	4	1	0	145	157
nvl	9.69297143484066	10	4	0	0	0	0	1	0	1	0	34	240
jORI	9.290560865264846	235	559	79	2	8910	425	0	0	0	0	32	1107
kristou	5.558602304908413	11	6	41	56	8588	1	0	0	0	0	59	304
brieF	9.900440004228033	53	39	174	0	0	10	0	0	0	0	15	324
ted kaczynski fan	5.690491106346748	13	7	68	45	5514	32	0	0	0	0	30	166
M n m =)	3.89555740786729	4	4	0	0	0	1	0	0	0	0	11	118
Ex Global WTS boost 420£	9.40835760558939	7	3	0	0	0	1	0	0	0	0	2	69
Ediii	4.265444178318981	5	3	0	0	0	5	0	0	1	0	5	44
pingo =)	5.353646069902846	4	3	0	0	0	21	0	0	0	0	5	179
Joker	3.7124743740363115	3	3	22	25	1369	1	0	0	0	0	2	51
LioNe	5.335852530802827	4	3	0	0	0	0	0	0	0	0	4	0
𝓚𝓪𝓻𝓭𝓪𝓷𝓪𝓼	4.476699824377698	12	7	0	0	0	144	1	0	1	0	17	173
Ponas	6.141638622701319	10	8	0	0	0	18	0	1	2	0	4	51
w0lf	2.0386956268218657	18	11	11	0	1456	6	0	0	1	0	9	94
Harlem Spartans	2.6717517077496353	13	10	28	93	3623	6	9	0	1	0	5	202
nightstrix	4.663094297735893	24	26	0	0	0	38	1	1	0	0	23	76
SeanHoca	3.242862364696064	36	32	364	29	2908	32	0	0	2	0	27	102
(:(: SorryForDeadYou :) :)	4.54458196260689	5	4	0	0	0	0	0	0	0	0	3	40
...........	4.30165349610469	4	3	0	0	0	0	0	0	0	0	14	149
b00s	1.923148771733552	1	2	0	0	0	0	0	0	0	0	25	152
MelluN	1.8102775887686366	3	4	0	0	0	1	0	0	0	0	1	8
smurf	1.7828828908019507	2	3	0	0	0	0	0	0	0	0	0	14
KazahstanCheats.KZ	3.2846285810716287	4	3	0	0	0	12	0	0	1	0	8	38
smurf	1.782883084337302	2	3	0	0	0	0	0	0	0	0	0	14
Рейвер	2.695529725482641	4	4	0	0	0	1	0	0	1	0	2	78
Wildfowl	2.1038589628329594	2	2	0	0	0	0	0	0	0	0	0	4
a1d	4.185875615602305	6	5	0	0	0	0	0	0	0	0	1	34
peRRRy___	4.155581701345753	7	5	0	0	0	0	0	0	0	0	0	28
Shikamaru	6.282948761326855	23	20	0	0	0	2226	0	0	3	0	14	72
AnnPad	3.6572729154410153	0	0	0	0	0	0	0	0	0	0	0	1
Shikamaru	6.282948929848843	23	20	0	0	0	2226	0	0	3	0	14	72
TheNeidmelGames	3.6581027845264935	4	3	0	0	0	8	0	0	0	0	13	65
Slowchpoke	6.627083432426562	12	9	303	28	2275	29	0	1	0	0	17	119
LoL KeK:)	2.51497393242605	0	1	0	0	0	0	0	0	0	0	3	10
Slowchpoke	6.627083607689393	12	9	303	28	2275	29	0	1	0	0	17	119
ikar	2.055219579390875	2	2	0	0	0	0	0	0	0	0	0	9
Slowchpoke	6.6270837546263115	12	9	303	28	2275	29	0	1	0	0	17	119
Bloody	5.863708250008747	37	26	0	0	0	199	1	0	2	0	24	175
Love me	4.553564612441441	6	4	0	0	0	5	0	0	0	0	6	113
Dolaner	6.411022027344079	10	7	0	0	0	120	0	0	3	0	2	79
Рассадник куличей	3.3371437085154603	0	1	0	0	0	0	0	0	0	0	0	10
GoldenJaguar	4.167511102637124	5	4	0	0	0	1	0	0	0	0	0	50
Рассадник куличей	3.3371438397812643	0	1	0	0	0	0	0	0	0	0	0	10
Багровый Погром	3.671378673961075	4	3	0	0	0	25	0	0	0	0	2	34
dreary bell	11.968172146426994	15	6	0	0	0	30	1	0	1	0	17	91
DOBBY	5.479067797268642	6	4	0	0	0	9	0	0	0	0	4	39
темнокожий американец	12.254853798058518	25	22	84	0	2554	49	0	0	1	0	5	90
Кон Чен Ый	4.901553797659975	19	10	0	0	0	51	0	0	1	0	4	46
ЙЦУК	4.144595024551869	13	9	32	0	2000	1	0	0	2	0	0	26
Albrecht	5.076792301242634	33	30	0	0	0	4	0	0	4	0	2	24
-=Neytron=-	3.7426326347596897	17	10	80	0	1199	67	0	0	1	0	14	36
Arlechino	2.9367311963460607	5	6	0	0	0	1	0	0	0	0	0	16
-=Neytron=-	3.7426327920790663	17	10	80	0	1199	67	0	0	1	0	14	36
_ArIgAtO_	2.4833770932145054	53	38	0	0	0	0	0	2	0	0	6	11
Чумной POOTIS	2.013821949897881	3	3	0	0	0	1	0	0	0	0	8	18
Life4five	1.2597438157344607	10	6	28	0	254	6	0	0	1	0	4	46
Zeroxll (magicdrop.ru!)	1.3557947862830895	4	4	39	4	716	1	0	0	3	0	8	17
Velial	3.8329197606863796	8	5	74	0	1869	3	0	0	0	0	3	71
popa kita	0.40765080473802223	7	6	0	0	0	0	0	0	0	0	1	21
Lavis	3.569624366104361	40	33	0	0	0	159	0	0	2	0	3	54
BLUES_O53OO	4.103937820070055	7	4	0	0	0	0	1	0	2	0	0	57
Lavis	3.569624504247386	40	33	0	0	0	159	0	0	2	0	3	54
Himik {exp}	2.3560724876704615	18	17	55	18	2223	74	0	1	2	0	12	87
KENT	2.0441728008371483	10	7	0	0	0	0	0	0	0	0	0	89
One-tap XD	2.1653115757574573	3	3	0	0	0	1	0	0	0	0	11	46
Twitch.tv batiasolosafik	2.11788901198903	3	3	35	1	1455	21	0	0	0	0	0	71
☆Lildice☆	3.731156020228464	12	5	0	0	0	9	2	0	1	0	3	65
Baguette Fromage	3.325464066891736	3	3	0	0	0	0	0	0	0	0	0	19
Springles♞	7.210310403877537	19	16	0	0	0	19	0	0	2	0	38	103
Famous.	4.112427560043533	5	4	0	0	0	0	0	0	0	0	2	42
Latgaļis Džeks	6.207590166566011	31	25	43	0	0	5	0	0	1	0	14	81
RE4KT1VEE	9.466359724950513	10	7	80	2	2488	23	0	0	4	0	42	59
ム v0rtex csgoatse.com	3.8655903607171047	15	13	20	23	1167	0	0	0	2	0	18	62
xrou	2.2905522441900223	11	5	0	0	0	0	0	0	0	0	0	24
FuryNik	2.4558384186667817	13	8	24	59	2441	22	0	0	1	0	12	115
Kent 8 "UKRAINE"	3.16961725049176	10	5	0	0	0	1	0	0	1	0	5	174
❤ 译市儿 ❤	2.4437241571720696	3	3	0	0	0	5	0	0	0	0	1	30
просто энот	2.7749430571912677	4	3	8	0	1317	0	0	0	1	0	33	86
Valeron4ik	3.159260216480475	5	4	0	0	0	0	0	0	0	0	11	0
Ищу сеть Dota 2...	3.2845257219893034	5	4	0	0	0	24	0	0	0	0	4	0
Игнат228	3.701274557750572	43	30	74	48	1654	58	0	0	2	0	6	169
Лебовски	3.51813114195805	12	8	0	0	0	187	0	1	3	0	3	39
Честер	6.060161381935496	5	3	0	0	0	14	0	0	0	0	3	198
Megan Fox <3	5.947859158196293	3	2	0	0	0	0	0	0	0	0	0	31
stranger	6.352444880925554	4	2	0	0	0	2	0	0	0	0	2	18
imbalancing.	5.819519739140281	3	2	0	0	0	0	0	0	0	0	0	9
馬鹿野郎	6.748105968855598	12	8	0	0	0	5	2	0	1	0	7	118
zevladnit可爱|Панда日本	5.95300609874996	26	28	0	0	0	166	1	0	6	0	216	42
Cat (Miaow)	5.510136954883326	51	68	0	0	0	1588	0	0	3	0	24	69
Tony Lobs(#MADHATTER)	6.104101895325638	20	13	0	0	0	613	0	0	3	0	3	17
Starina	6.215976782960714	13	8	0	0	0	42	0	1	2	0	0	26
Vlad[ed]	5.033080841287229	5	3	0	0	0	1	0	0	3	0	2	42
☻	6.424467293732318	12	7	0	0	0	8	0	0	0	0	1	27
Only4fun2right	7.115309254565861	8	3	0	0	0	3	0	0	1	0	2	29
Marlboro_22RUS	5.894166744357149	28	25	0	0	0	396	0	0	7	0	8	204
ДЕНИС 163 ТОЛЬЯТТИ	5.198237433077039	11	7	0	0	0	100	0	0	2	0	4	107
Santila 34	3.250849946994533	4	4	0	0	0	20	0	0	0	0	5	58
Miha	3.405511544981806	0	0	0	0	0	0	0	0	0	0	9	4
Parzival_one	5.055337795811338	6	4	0	0	0	1	0	0	1	0	4	13
-B	0.7781161990648354	20	9	11	25	373	0	1	0	1	0	7	39
💜	3.3157383946201358	4	4	0	0	0	1	0	0	0	0	28	121
alekele	2.151036291621342	1	2	0	0	0	0	0	0	0	0	1	38
s1meJ	2.7953356054041936	3	3	0	0	0	53	0	0	0	0	12	206
Prime	2.8404611366920243	10	5	11	1	253	0	0	0	0	0	3	62
DingDong	6.305918123436421	4	2	0	0	0	0	0	0	0	0	0	76
Dagfait	11.533680782792464	10	5	0	0	0	0	0	5	0	0	0	38
Mario bot	5.737249751783018	6	3	0	0	0	0	0	0	0	0	1	41
Zimbar	8.298141314166624	7	3	48	9	808	0	0	0	0	0	0	9
Pablo Bot	6.829803234765519	8	4	0	0	0	12	0	1	0	0	6	43
Weed bae	10.920914455778302	26	32	0	0	0	91	0	0	1	0	20	40
Tcháli	3.446680113273691	0	0	0	0	0	0	0	0	0	0	0	2
beatriz	5.758470119663774	5	3	0	0	0	634	0	0	0	0	4	13
BrazoN	7.650781571890189	27	26	0	0	0	33	3	0	1	0	3	53
Mad	5.307642613234979	48	87	1146	15	6458	558	1	0	29	0	309	308
Nic333	6.379960619159569	27	23	1474	2978	256923	774	5	1	8	0	64	191
Zaur	6.88938954764179	42	70	0	0	0	631	0	0	40	0	25	286
Bluefox	6.490292316596643	14	12	0	0	0	3846	0	0	11	0	40	107
dJ Le menis	7.7832509442149975	33	40	0	0	0	123	0	0	7	0	43	407
The Villain	5.898219726099612	13	10	0	0	0	0	0	0	3	0	6	14
lukss2013	6.100098630410571	4	2	0	0	0	0	0	0	0	0	0	1
The Villain	5.8982198724188235	13	10	0	0	0	0	0	0	3	0	6	14
twitch.tv/spankeer	8.429939654020966	8	4	0	0	0	1	0	0	0	0	15	269
BzN~	4.906405460724086	2	2	0	0	0	0	0	0	0	0	0	45
Salzinhu	6.5529472813665075	3	2	0	0	0	0	0	0	0	0	0	35
Asphyxia	7.006452704518942	5	2	0	0	0	0	0	0	0	0	0	66
x1ong	4.9702818547400165	14	10	0	0	0	194	0	0	2	0	2	55
Omae Wa Mou Shindeiru	2.781810426511124	3	3	0	0	0	0	0	0	0	0	4	133
Minlo7	1.2829190084430349	2	3	0	0	0	0	0	0	0	0	0	218
GMinAS#6	0.24577527345160521	0	1	0	0	0	0	0	0	0	0	1	39
♛Stip{E}x♛	0.7431356345642527	22	17	20	124	1025	110	1	0	1	0	28	237
reebyy✔	1.2880650764583845	16	12	2	183	1238	1	0	0	1	0	3	130
ÇılgınTÜRK	4.068846535154045	32	31	95	36	5833	88	4	0	6	0	7	139
✪ viserys	5.88854528169185	14	11	46	8	1378	8	0	0	3	0	6	132
Ramiz Karaeski	2.3560222122530567	5	5	0	0	0	0	0	0	0	0	0	49
POLAT ALEMDAR	4.981602817816035	4	3	0	0	0	0	0	0	0	0	3	58
jusick_cokain)	3.5067692329441074	3	3	0	0	0	0	0	0	0	0	2	63
✪ Маньяк	3.273506239515212	19	21	0	0	0	80	1	0	1	0	38	74
Savvy	0.5097830203954549	4	3	6	40	381	3	0	0	1	0	13	36
magicdrop.ru VladBanan	0.36973647039926094	2	2	6	2	387	0	0	0	0	0	2	57
ム Introverte:D ム	0.3317143420712906	0	1	12	0	0	0	0	0	0	0	3	8
magicdrop.ru VladBanan	0.3697366045868258	2	2	6	2	387	0	0	0	0	0	2	57
Dobr_	2.6660686407558116	5	5	0	0	0	0	0	0	0	0	1	77
JOSKIY.𝔇𝔢𝔞𝔱h.𝓛	1.1484145995050987	2	3	9	0	187	1	0	0	1	0	0	30
tane4ka	2.4717008222280077	5	5	0	0	0	8	0	0	0	0	1	33
JOSKIY.𝔇𝔢𝔞𝔱h.𝓛	1.1484147389766182	2	3	9	0	187	1	0	0	1	0	0	30
~Reddog+rep~me<3	0.7827063667964792	2	2	0	0	0	0	0	0	0	0	7	57
_.alinutz._	1.7666235835295168	3	4	9	11	341	0	0	0	2	0	0	40
Mr.Vladimir	0.9586744155945707	2	2	3	0	550	2	0	0	0	0	12	153
SSJG_CRINU	1.331481754497049	5	5	0	0	0	0	0	0	1	0	1	98
Leonardo	5.435370019320854	4	3	0	0	0	0	0	0	0	0	10	96
Hih3k ^_^	3.7862647339543196	9	5	0	0	0	3	0	0	0	0	15	79
PIONeeR	7.078998091263851	6	3	0	0	0	1	0	0	0	0	30	222
munio	6.946128295504324	19	9	0	0	0	3	0	0	1	0	10	57
Silent_Ninja	5.628317721216622	4	3	0	0	0	0	0	0	0	0	1	12
jakoby	7.352908904004345	6	3	0	0	0	0	0	0	0	0	12	205
Rebelo	4.564171574483149	5	4	0	0	0	0	0	0	0	0	3	104
KURWIKI #SERDEL	4.357738423740293	4	3	0	0	0	167	0	0	0	0	2	66
Pelsoneq	4.366610833654219	4	3	9	5	2396	0	0	0	0	0	8	161
Aneyssi✧akrapovič/m73b54/	4.1034494333460145	20	10	30	0	2933	8	0	0	8	0	2	189
ELSONKURWIK KEY-DROP	5.046625713253614	8	5	0	0	0	0	0	0	0	0	15	45
'ARi.	4.142087547085963	5	4	0	0	0	1	0	0	0	0	7	45
DOTYK PROboszczA Key-Drop.pl	3.0348780673369955	1	2	15	0	599	0	0	0	0	0	11	41
Diabelok	2.7447995576297175	3	3	0	0	0	0	0	0	0	0	3	63
wiewiór	1.9065304163342534	2	3	0	0	0	0	0	0	0	0	8	107
wersalkozak	0.2603942572913879	0	0	0	0	0	0	0	0	0	0	0	4
Wprowadź nazwę profilu	3.1322237788255163	6	5	10	18	670	5	0	0	0	0	1	171
Snasher&Sylaba YT Live	11.827216833431223	8	3	0	0	0	0	0	0	1	0	4	331
Adbla123	1.578311594663546	3	4	9	0	1035	0	0	0	1	0	2	86
Szynek Key-Drop.pl	2.9967002920981347	11	7	30	15	2172	89	0	0	1	0	1	15
Adbla123	1.5783117572381404	3	4	9	0	1035	0	0	0	1	0	2	86
sztynks w garnku	2.249275837612607	3	3	0	0	0	3	0	0	0	0	1	91
The Real BoydxSVK	7.106568958997348	19	15	117	0	1556	126	1	0	1	0	16	82
Johan	6.300923421183836	7	4	0	0	0	19	0	0	0	0	51	159
PARS	3.8082395905186113	4	3	0	0	0	3	0	0	0	0	15	81
..	3.4875738245505845	3	3	0	0	0	0	0	0	0	0	3	54
tuffsmurf	3.832492780585774	3	3	0	0	0	0	0	0	0	0	4	52
PigwithAGun	5.186125235012738	4	3	0	0	0	0	0	0	0	0	0	39
lewishalpin	4.972390439230172	10	7	0	0	0	1	1	0	2	0	2	105
Adamski	5.929347912586118	26	18	94	46	3529	46	1	0	5	0	3	91
G´o´TT	6.777847029776017	4	2	0	0	0	0	0	0	0	0	0	27
ALEMDAR	2.0595879077678374	2	2	0	0	0	0	0	0	0	0	1	26
EZ	3.973386552803713	3	3	0	0	0	0	0	0	0	0	0	43
MocroTyfus!	2.0760542873323025	2	2	0	0	0	0	0	0	0	0	8	35
csgobounty.com Gamdom.com	2.330971272581728	3	3	0	0	0	0	0	0	0	0	8	21
Martini80	2.427183193887946	6	5	25	0	1238	10	0	0	0	0	18	40
kntentt ツ	12.03247496102389	7	2	0	0	0	0	0	0	0	0	0	26
STO1NE	0.492837223854723	3	3	1	4	157	0	0	0	0	0	0	11
HU1K	2.635933752275856	3	3	4	0	0	0	0	0	0	0	1	64
LillY	2.653007543454885	5	5	0	0	0	0	0	0	0	0	3	295
lil CHODAN	2.3289210149750064	5	4	0	0	0	7	0	0	0	0	15	228
VishY..:*	3.509680819635031	9	5	0	0	0	2	0	0	1	0	25	230
GOD	6.225293411474734	6	4	0	0	0	40	0	0	0	0	36	137
✪ionicc	6.035965773971801	7	4	37	8	3209	6	0	0	1	0	33	262
CCA-OLI	6.463396622592925	5	3	0	0	0	4	0	0	0	0	8	203
™RandoM 웃ѷ	6.46551192474775	6	4	0	0	0	11	0	0	0	0	13	270
dxt.	5.526696315713329	4	3	0	0	0	3	0	0	0	0	24	280
ScreaMy	14.691031614998048	13	6	0	0	0	17	0	0	0	0	24	210
shooTer *GGWP	8.094164794913272	8	4	0	0	0	5	0	0	1	0	45	279
METALHEAD.mH	7.534613328570394	6	3	0	0	0	90	0	0	0	0	9	288
Player p = new Player('Entropy')	7.671188946281009	6	3	0	0	0	0	0	0	1	0	10	186
WannTuuTreeForr..	5.490289976487678	4	3	0	0	0	1	0	0	0	0	1	75
☢ops,ᔕ☢ℜℜy	4.321266645465184	4	3	0	0	0	0	0	0	0	0	2	232
BOOM	3.96180013849731	0	2	0	0	0	0	0	0	0	0	0	29
AdmiralShinji	6.53286841872556	8	5	0	0	0	14	0	0	2	0	7	250
Chiken Dinner	1.772080750249874	2	3	0	0	0	0	0	0	0	0	1	32
MyDream	3.4088635771512332	3	3	0	0	0	0	0	0	0	0	1	130
n`	4.348131005614391	5	4	0	0	0	0	0	0	0	0	4	224
RUFFLEEE	5.131751098913999	42	34	0	0	0	19	0	0	2	0	4	244
GeemGeem	4.928803389535072	2	2	0	0	0	0	0	0	0	0	0	125
Sneaky Sneaky	5.488176963730354	3	2	7	0	0	0	0	0	0	0	0	77
po0piie	4.080789826470219	0	0	0	0	0	0	0	0	0	0	0	4
Sneaky Sneaky	5.488177091914988	3	2	7	0	0	0	0	0	0	0	0	77
-Hiroshi-	2.9076315198926035	0	0	0	0	0	0	0	0	0	0	0	1
Sneaky Sneaky	5.4881772417166195	3	2	7	0	0	0	0	0	0	0	0	77
:))	2.260498832071609	0	0	0	0	0	0	0	0	0	0	0	1
Sneaky Sneaky	5.48817738716956	3	2	7	0	0	0	0	0	0	0	0	77
paks	2.142492831992421	0	0	0	0	0	0	0	0	0	0	0	12
Sneaky Sneaky	5.488177514552935	3	2	7	0	0	0	0	0	0	0	0	77
^^	1.9298025726292458	0	0	0	0	0	0	0	0	0	0	0	4
Mcquiet	5.385773314650465	2	2	0	0	0	0	0	0	0	0	2	202
''Du30"	3.184599698495193	0	0	0	0	0	0	0	0	0	0	0	10
tiguwag sa atbag	4.960642893316592	2	2	0	0	0	1	0	0	0	0	1	58
Tinker Out Loud	4.2976411550953975	0	0	0	0	0	3	0	0	0	0	0	3
tiguwag sa atbag	4.960643021708648	2	2	0	0	0	1	0	0	0	0	1	58
The (  JokeR )	4.982091294102427	2	2	0	0	0	0	0	0	0	0	1	163
The Praja's	3.3391914995014673	2	2	0	0	0	0	0	0	0	0	0	13
I MAKE DAGON	3.718677633425001	0	1	0	0	0	0	0	0	0	0	0	32
Beban	6.205687425122474	12	9	0	0	0	0	0	0	2	0	0	304
Everdeen	2.4719155954778316	2	2	0	0	0	5	0	0	0	0	1	64
OC6VIA	3.686150804593116	2	2	0	0	0	2	0	0	0	0	0	59
N A R V E E	4.819746602430312	5	4	0	0	0	0	0	0	0	0	4	217
noob exposure	3.998173272371761	4	3	0	0	0	0	0	0	1	0	4	70
.Hsoo	3.37831992182779	5	5	43	0	2190	0	0	0	1	0	0	62
Akula.UGLongyi	1.882304986331039	1	2	2	0	0	0	0	0	0	0	0	54
noob exposure	3.9981735139855163	4	3	0	0	0	0	0	0	1	0	4	70
Computer (Insane)	2.4110750627569413	3	3	0	0	0	0	0	0	0	0	1	139
b1sh	3.2748322047515077	4	3	0	0	0	4	0	0	1	0	2	113
ONIZUKA	3.3010777387473937	0	0	0	0	0	0	0	0	0	0	0	7
Oppa^^	5.266737936755369	4	3	0	0	0	0	0	0	0	0	5	268
djdaya	5.21669918725959	3	4	0	0	0	3	0	0	0	0	4	136
P!R/-\Te$	6.449568183218984	6	4	0	0	0	35	0	0	0	0	15	276
b00M	6.50973522987394	5	3	0	0	0	74	0	0	0	0	28	192
JenYiのHantai	5.472356868691701	5	4	0	0	0	117	0	0	2	0	2	10
幻影o特務	5.583729088332124	3	2	0	0	0	0	0	0	0	0	0	16
JenYiのHantai	5.472357008364964	5	4	0	0	0	117	0	0	2	0	2	10
幻影o特務	5.583729216554461	3	2	0	0	0	0	0	0	0	0	0	16
gg inin der	2.286245455495866	3	3	0	0	0	0	0	0	0	0	0	7
SexualNinja3600	2.137073910677285	0	0	0	0	0	0	0	0	0	0	0	1
gg inin der	2.286245605369099	3	3	0	0	0	0	0	0	0	0	0	7
cso2002a2002	4.437197663896243	0	0	0	0	0	0	0	0	0	0	0	3
royroylocs	5.09873834011503	5	4	0	0	0	0	0	0	0	0	0	7
Rui淚	2.2033721362996044	3	3	0	0	0	0	0	0	0	0	0	20
LaSaiMan	5.274986582016852	9	4	0	0	0	0	0	0	0	0	0	26
御門石虎	13.15970083891294	13	7	0	0	0	54	6	0	1	0	10	80
Creed	9.077074038830794	14	10	0	0	0	5	0	0	1	0	3	111
CoNoR.	4.984156621381437	3	2	0	0	0	0	0	0	0	0	1	13
E = m c ^2	5.4636752666521575	5	3	0	0	0	0	0	0	0	0	6	17
AaronJudge	5.285716768207654	9	6	0	0	0	1	0	0	1	0	0	16
好油喔	6.124143352959072	4	2	0	0	0	0	0	0	0	0	0	22
CHRIS SUN	6.548373446726455	4	2	0	0	0	1	0	0	0	0	4	27
tseng.ian20	1.8764877020358388	2	2	0	0	0	0	0	0	0	0	0	7
CHRIS SUN	6.5483735783738055	4	2	0	0	0	1	0	0	0	0	4	27
Falconor	7.855027056335005	7	3	0	0	0	1	0	0	0	0	11	167
NobleHalfling2	6.215076608615394	5	3	0	0	0	0	0	0	1	0	6	48
5Gee	7.400305782795035	6	3	0	0	0	3	0	0	1	0	3	97
bizzytracxk	6.6207294675854635	5	3	0	0	0	0	0	0	0	0	1	8
Jugabros	3.351967608050676	1	1	0	0	0	0	0	0	0	0	0	8
t70type42	2.3183821655008043	1	1	0	0	0	0	0	0	0	0	0	6
billytheboygoat	3.684603851150379	2	2	0	0	0	0	0	0	0	0	0	10
bizzytracxk	6.620729734942529	5	3	0	0	0	0	0	0	0	0	1	8
G.I Jew the All-American Hebrew	5.93836926183602	6	4	0	0	0	0	0	0	0	0	8	28
23123	4.467006765242157	8	5	0	0	0	4	0	0	0	0	23	24
Karit-stuck in smfc (no monitor)	4.538386323257751	4	3	0	0	0	3	0	0	0	0	18	55
Don	4.251556117862463	4	3	0	0	0	0	0	0	0	0	7	47
Straight outta Torres Straits	6.2544184631015485	17	15	0	0	0	125	1	0	35	0	74	233
(づ｡◕‿‿◕｡)づ	6.725834959514798	14	9	179	0	3672	0	0	0	1	0	15	74
Gok'e	7.844881255764901	10	4	0	0	0	6	0	0	2	0	9	98
Join the Darkside	6.066041896696679	5	3	0	0	0	1	0	0	0	0	2	34
AxeRaider	4.6940937420596915	5	4	6	19	3895	37	0	0	0	0	4	252
TheGodsAA	5.94476897285902	4	3	0	0	0	0	0	0	0	0	12	130
RamizDayı	2.256885756047969	3	3	0	0	0	0	0	0	0	0	0	104
Loko_br	11.57999436737792	7	2	0	0	0	1	0	0	0	0	33	157
Sc4rf4c3	9.265112116013826	10	6	88	5	2608	2	0	0	0	0	35	198
Ayrton Ronaldo	11.041371101070196	17	10	0	0	0	0	0	0	1	0	4	0
cindeR	8.592503462935381	30	44	0	0	0	78	2	0	11	0	9	67
Thresher3253	9.852337866663698	68	151	1592	0	5589	747	1	5	165	0	3	73
Fra_Sheena	3.885680941457467	2	2	0	0	0	0	0	0	0	0	0	2
Thresher3253	9.852338027971543	68	151	1592	0	5589	747	1	5	165	0	3	73
Protoss	7.747701333373958	59	51	0	0	0	9	2	0	57	0	26	460
Kaname	10.679699087221586	39	54	985	1	4957	640	0	0	7	0	27	107
Ale91Fury	10.74155241652521	15	11	0	0	0	3	0	0	1	0	2	24
LightningRazor	7.479148117151389	10	7	0	0	0	0	0	0	1	0	0	15
SolidPa1n	4.8091518558268245	3	2	0	0	0	0	0	0	0	0	0	2
LightningRazor	7.47914823765463	10	7	0	0	0	0	0	0	1	0	0	15
Seth	6.378031674495367	5	3	0	0	0	0	0	0	0	0	5	93
V3rsa	6.199340757467673	4	2	0	0	0	0	0	0	0	0	8	40
ovidiu.m	6.19414152987445	5	3	0	0	0	0	0	0	0	0	1	28
Cedry2k	6.913549677110669	4	2	0	0	0	2	0	0	0	0	5	61
Stoburnyou	7.631968536600885	7	5	0	0	0	0	0	0	0	0	1	168
Snowflake	7.096285590100014	20	13	0	0	0	1	1	0	5	0	4	35
Attcon	7.059937611903488	6	3	0	0	0	0	0	0	0	0	2	31
Bohani	5.021249214279506	13	8	0	0	0	111	46	0	4	0	4	69
Arhanghelu' Matei	3.1172785175412305	0	0	46	4	179	0	0	0	0	0	0	2
Uff bruh your aim	4.067599802467581	7	5	75	39	2366	617	0	0	20	0	12	98
Timmy T	5.295825562287774	5	3	0	0	0	8	0	5	1	0	6	75
Χρήστος	1.8688112319025334	2	3	0	0	0	0	0	0	0	0	4	45
XxWerixHDxX	6.131407198374743	5	3	0	0	0	0	0	0	0	0	2	23
LELN	0.868985236325606	1	1	0	0	0	1	0	0	0	0	0	2
XxWerixHDxX	6.131407429358505	5	3	0	0	0	0	0	0	0	0	2	23
Sir Paradox	4.394662600591394	4	3	0	0	0	0	0	0	0	0	0	12
XxWerixHDxX	6.131407561108515	5	3	0	0	0	0	0	0	0	0	2	23
Χρήστος	1.8688117545659035	2	3	0	0	0	0	0	0	0	0	4	45
XxWerixHDxX	6.131407710850843	5	3	0	0	0	0	0	0	0	0	2	23
Numbu	7.4459605063440035	11	5	0	0	0	18	0	0	0	0	1	173
stabbexd	3.295171093802927	17	10	0	0	0	11	0	0	1	0	93	304
Damager	14.619015855131854	114	149	612	15	11743	530	6	0	10	0	27	379
Kal Vas Flam	6.203709102286279	17	9	0	0	0	12	0	0	2	0	3	195
Lukav(e)i	3.2517119636627654	1	1	0	0	0	0	0	0	0	0	0	6
Kal Vas Flam	6.203709233671162	17	9	0	0	0	12	0	0	2	0	3	195
3	5.668140014345931	21	15	0	0	0	51	0	0	1	0	43	20
N i G a	8.039278238237962	6	3	0	0	0	1	0	0	0	0	0	15
3	5.668140189813916	21	15	0	0	0	51	0	0	1	0	43	20
magicdrop.ru	4.814086565539014	6	4	28	15	1404	0	0	0	0	0	6	32
BMO	5.877696193898899	4	3	0	0	0	0	0	0	0	0	1	8
JoniceMauGLi	5.989877067712125	6	5	0	0	0	12	0	0	2	0	2	37
Conqueror	5.320508216647275	7	5	0	0	0	2	0	0	0	0	5	33
Natsu Dragnill	4.592083496995137	3	2	0	0	0	0	0	0	0	0	0	14
Eren Jager	8.668899247246411	8	4	0	0	0	7	0	0	0	0	3	14
Мякиш	6.555980176531319	11	6	0	0	0	7	0	0	0	0	5	134
Error	5.567296716379082	28	36	0	0	0	260	4	0	3	0	5	155
KingZ	4.032484562366754	6	5	26	0	0	26	0	0	0	0	20	198
.eX	14.189249604546385	11	4	0	0	0	81	0	0	2	0	26	125
Smithiie	2.8992811951034345	25	13	51	0	2351	10	1	0	1	0	3	39
Hi	8.991900639565614	12	5	0	0	0	1	0	0	0	0	1	179
✪LvB	4.461027748702626	18	10	81	9	2556	35	1	0	1	0	18	326
Billy the fast wanking kid	4.095303618986615	11	6	0	0	0	0	0	0	0	0	11	111
sijem	7.388699099683046	14	8	0	0	0	1	0	0	3	0	24	119
Piwi	2.7376067569736735	3	3	0	0	0	0	0	0	0	0	9	53
SkillMeDark	5.272833314703669	17	10	0	0	0	35	1	0	3	0	9	71
Giuli	3.408093556791665	3	3	0	0	0	1	0	0	0	0	0	21
Vengeance on my mind 𝟏𝟎	4.399670082717945	7	5	41	0	1416	43	1	0	4	0	13	106
💛Karen💛	3.2971586773525123	3	3	3	107	1089	0	0	0	0	0	1	26
(ง︡'-'︠)ง	4.971512973795781	4	3	0	0	0	0	0	0	0	0	1	59
ElBrAyAn	0.38645079050439524	1	1	0	0	0	0	0	0	0	0	1	6
el vengador fantasma	3.703498673030631	0	0	0	0	0	0	0	0	0	0	1	19
Seirin.雷迪	5.053897750126512	5	4	0	0	0	0	0	0	0	0	1	58
█ ♛ήєsᑕσρ 凸(¬‿█	3.987973147136625	4	3	0	0	0	4	0	0	1	0	2	229
¿MODO ESTARCO WTF?	2.620803875258532	0	0	0	0	0	0	0	0	0	0	0	4
AlabasterAsh	5.872989570295452	7	5	0	0	0	111	0	0	3	0	7	141
Bad Guy	6.457260424178455	12	10	0	0	0	7	6	0	3	0	10	104
Master Of Low Priority	5.063106240612482	4	3	0	0	0	1	0	0	0	0	0	56
Dario .l.	5.065139769135424	3	2	0	0	0	0	0	0	0	0	0	64
Loofty#	4.689999899959833	3	2	0	0	0	0	0	0	0	0	0	15
EP.REE-TAMARIZ	5.332417678163764	3	3	0	0	0	2	0	0	0	0	2	161
El Noruego	3.7770658335339697	2	2	0	0	0	1	0	0	0	0	0	92
pae	6.143888868771943	3	2	0	0	0	0	0	0	0	0	1	52
joel_tu_pata	4.958872482319711	3	2	0	0	0	0	0	0	0	0	0	20
☬.degel.☬	5.382838431628857	4	3	0	0	0	5	0	0	0	0	0	86
?????????????????	4.5421937599156275	4	3	7	0	0	2	0	0	0	0	8	260
Carloncho	3.32554907841604	0	0	0	0	0	0	0	0	0	0	2	1
?????????????????	4.542193904502267	4	3	7	0	0	2	0	0	0	0	8	260
Ozwer	4.575163850965036	4	3	0	0	0	2	0	0	0	0	1	87
BEBESITA :V	4.495369714672375	1	2	0	0	0	0	0	0	0	0	5	16
Ozwer	4.575163984012998	4	3	0	0	0	2	0	0	0	0	1	87
El  Domador de Serranos   :D	4.502881583439599	4	3	0	0	0	0	0	0	0	0	3	109
Hanuber	4.922056179916342	6	5	0	0	0	0	0	0	0	0	5	89
Alan Garcia	0.2888229569779971	1	1	0	0	0	0	0	0	0	0	1	20
Frxn	4.68157553556061	33	32	118	16	1684	187	0	0	5	0	11	152
Skw	2.6931753923114274	11	8	52	0	0	45	0	0	1	0	4	68
Digia	3.2729000638390424	0	1	0	0	0	0	0	0	0	0	3	20
Riu Clan YeyitoDeGregorio	2.363935336451401	4	4	0	0	0	0	0	0	0	0	25	43
Zenzu	3.6592276627154727	3	5	0	0	0	0	0	0	0	0	5	33
alex12	2.46053211576941	3	3	0	0	0	0	0	0	0	0	1	19
matumbaman jr.	0.32532426086671457	0	0	0	0	0	0	0	0	0	0	0	5
ElCuervo▓♦	2.432402104536715	2	2	0	0	0	0	0	0	0	0	0	19
Gotto	4.185519225401239	4	3	0	0	0	3	0	0	0	0	6	279
ZTIP	3.0574605431074433	2	2	0	0	0	0	0	0	0	0	0	41
Corcuera	4.430368399575186	5	3	0	0	0	0	0	0	1	0	2	92
© hǺpkĄ ©	5.895264368488387	10	6	0	0	0	18	1	0	1	0	30	282
Тричі красень	6.416676163467695	5	3	0	0	0	0	0	0	0	0	0	36
stig fan	5.839116931896715	3	2	0	0	0	0	0	0	0	0	0	2
Striker	5.898211103787781	3	2	0	0	0	0	0	0	0	0	0	4
Maximk@@@@@	7.082631738103462	5	3	0	0	0	0	0	0	0	0	0	9
PRIME	4.2869243951671425	4	3	0	0	0	0	0	0	0	0	2	113
stanislaww #roadtoFPL	4.067969482774966	7	5	0	0	0	0	0	0	0	0	2	50
FIXCSGO#(NO)	4.059579850669782	4	3	0	0	0	28	0	0	0	0	3	38
Луковое(Анальное)	6.854356988823138	12	8	0	0	0	1	0	0	1	0	18	87
bhop.exe	2.364878383010921	40	37	196	17	1343	145	1	8	8	0	217	159
Rj	3.2573635503269736	11	6	0	0	0	87	0	0	0	0	44	123
ЛЕХА В АХУЕ	3.5318135047123285	10	6	23	21	1650	1	0	0	0	0	7	70
Teammates	2.817073153541414	8	4	0	0	0	101	1	0	2	0	4	95
Doktor_killer	2.114768909713653	6	5	0	0	0	341	0	0	0	0	3	69
4¤2¤0 (axel)	2.4354799959031093	6	5	0	0	0	7	0	0	2	0	57	121
cermit	3.1065665934382434	5	4	0	0	0	0	0	0	0	0	14	65
Warpan	14.290648678559698	16	11	0	0	0	47	0	0	0	0	0	75
Ghost of Tom Joad	15.509345364215832	13	5	0	0	0	4	0	0	0	0	1	82
skattberg	13.054822914998507	10	4	0	0	0	9	0	0	0	0	8	143
Crexan	10.827449939542975	6	2	0	0	0	0	0	0	0	0	1	51
Görgönzöla	11.293683497184494	8	3	12	17	2440	0	0	0	0	0	0	100
Lwkorchestra*******	15.559846488043386	9	2	0	0	0	0	0	0	0	0	1	2
Görgönzöla	11.293683621687657	8	3	12	17	2440	0	0	0	0	0	0	100
Malin	10.92037220739842	6	2	0	0	0	0	0	0	0	0	5	16
tooN*	11.210524004651743	6	2	0	0	0	0	0	0	0	0	0	11
Ante!	11.345007869407315	6	2	0	0	0	0	0	0	0	0	9	65
kR0NISK	10.243762727344727	6	2	0	0	0	0	0	0	0	0	45	127
ruski	10.284881017740563	7	3	0	0	0	0	0	0	0	0	15	153
VenteX	11.208141886920108	9	4	0	0	0	1	0	0	0	0	32	101
BlaKe	14.035907987370845	50	68	649	26	8263	64	3	0	8	0	40	127
ponky	14.394634137856189	26	20	0	0	0	9	1	0	4	0	8	218
Kujamies	13.328540689578793	11	6	0	0	0	0	0	0	1	0	2	46
-LillianAxe-	4.953163522550021	10	5	0	0	0	25	0	0	0	0	7	109
oOoo	14.400328528986485	23	19	0	0	0	38	0	0	2	0	9	111
haLo. anton<3	10.79165922922354	8	4	0	0	0	1	0	0	1	0	10	52
...Keks...	14.365794920360019	8	2	0	0	0	0	0	0	0	0	7	41
5oK12e	12.066080804529186	23	19	0	0	0	133	0	0	1	0	155	197
mAAc.	12.244365709358199	9	3	0	0	0	0	0	0	1	0	10	51
Smokva#11	9.328965708223086	6	2	0	0	0	54	0	0	0	0	51	123
schkljf	14.207133865984417	11	3	0	0	0	0	0	0	0	0	19	80
MonkEn	15.547789406684974	11	4	0	0	0	0	0	0	0	0	3	81
Gladjolt	11.90451218317189	20	13	0	0	0	33	2	3	2	0	7	105
Starface	8.134701554234404	10	6	0	0	0	0	0	0	0	0	1	24
Simon	3.3998250371534575	6	5	34	8	2612	0	0	0	0	0	4	111
Vision	15.580549800889074	10	3	0	0	0	0	0	1	0	0	4	41
Flygaren	9.578014856945881	9	4	0	0	0	0	0	0	1	0	2	33
Alijens	15.564616328276129	9	2	0	0	0	0	0	0	0	0	1	12
cullyn	15.328107298585053	9	2	0	0	0	0	0	0	0	0	0	4
Flygaren	9.578015052444291	9	4	0	0	0	0	0	0	1	0	2	33
jonas.marine.engineer	9.44897589330286	5	2	0	0	0	0	0	0	0	0	0	2
Flygaren	9.578015177496221	9	4	0	0	0	0	0	0	1	0	2	33
500	4.305979664513608	9	4	0	0	0	0	0	0	0	0	2	66
Bloke	4.2783973498532974	4	3	0	0	0	0	0	0	0	0	1	29
Murder Charls	4.26725900330379	3	2	0	0	0	2	0	0	0	0	0	23
佐助	1.6785076765310927	1	2	0	0	0	0	0	0	0	0	1	22
Jayzaza	1.5246390744397131	3	4	0	0	0	3	0	0	0	0	1	54
jame.	1.744018389425873	2	3	8	55	1293	0	0	0	0	0	1	43
就杀一个？！	5.81488459947207	5	4	7	67	1094	0	0	0	0	0	5	33
253683287	1.8997259579159809	1	2	0	0	0	0	0	0	0	0	0	8
苍Victor	2.2768149151399935	3	3	0	0	0	7	0	0	0	0	0	20
253683287	1.8997260897517552	1	2	0	0	0	0	0	0	0	0	0	8
蔷薇的殇	2.574024101037912	2	2	0	0	0	0	0	0	0	0	0	22
Cc6	1.984042623991851	2	3	2	32	2356	2	0	0	0	0	0	33
Snebaobao	2.7155026369871886	3	3	0	0	0	0	0	0	0	0	0	13
Cc6	1.9840427601929171	2	3	2	32	2356	2	0	0	0	0	0	33
Snebaobao	2.715502775415861	3	3	0	0	0	0	0	0	0	0	0	13
1550552141	2.702397060152557	2	2	0	0	0	1	0	0	0	0	0	14
NANA	2.1245655316125918	2	2	0	0	0	0	0	0	0	0	0	6
EVA	1.9355189540025428	1	2	0	0	0	0	0	0	0	0	0	2
Ktimk	2.8256846376963827	2	2	0	0	0	0	0	0	0	0	0	3
陈逼逼	3.805717533220409	11	5	0	0	0	7	0	0	0	0	1	23
丰丰丰丰丰丰	1.6254277665711552	1	2	0	0	0	0	0	0	0	0	0	11
斗鱼-5838085lulu	1.3445011113316108	2	3	0	0	0	0	0	0	0	0	0	57
一个很萌的男孩	1.0851594383031855	1	2	2	0	152	0	0	0	0	0	0	6
我不是浩南哥	4.631402950515713	3	2	4	0	1272	0	0	0	0	0	0	50
1131526975	1.7214333916336886	2	3	0	0	0	0	0	0	0	0	0	24
2504435227	1.7155387929496366	2	2	0	0	0	0	0	0	0	0	0	15
你稳健的万水爹	1.869382145060887	3	3	0	0	0	13	0	0	0	0	0	45
Obrick	4.502164490663003	8	5	57	11	3150	2	0	0	4	0	0	76
Digoll	2.3698769965228514	35	30	42	40	1264	26	0	37	6	0	0	42
Chris1221	1.656059140330323	1	2	0	0	0	0	0	0	0	0	0	6
小册老777	3.468550718313029	4	3	11	0	670	0	0	0	0	0	0	8
你只小胖子	1.7042596857178218	1	2	0	0	0	0	0	0	0	0	0	22
polluxcc	3.401313432512415	3	3	0	0	0	0	0	0	0	0	0	8
13761735937	1.6393751512849348	1	2	0	0	0	0	0	0	0	0	0	3
polluxcc	3.4013135656564217	3	3	0	0	0	0	0	0	0	0	0	8
Chris1221	1.6560595613076927	1	2	0	0	0	0	0	0	0	0	0	6
polluxcc	3.4013137128917488	3	3	0	0	0	0	0	0	0	0	0	8
wai yu an guri	3.578161900940521	5	4	0	0	0	7	0	0	1	0	14	77
ウォッカ	2.3623769330712805	20	16	133	40	1399	21	1	0	3	0	60	372
Omar Wulfgang	4.713309427993936	5	4	14	25	169	0	0	0	2	0	0	3
ウォッカ	2.362377084446741	20	16	133	40	1399	21	1	0	3	0	60	372
GamerWolfSid	2.5811130811614564	14	11	209	40	1401	12	0	0	3	0	18	171
Manoyal-	3.994500792982954	25	26	0	0	0	18	1	0	3	0	14	219
yatham seenu	5.617188898084953	22	25	142	0	0	316	1	0	8	0	0	44
Reddragonz99	0.6694640464153857	4	2	0	0	0	1	0	0	1	0	2	12
Cosmic YT Gamer	0.7972317619744683	2	2	6	0	67	0	0	0	0	0	0	3
anandhusuresh741	0.6712658170602198	1	1	0	0	0	0	0	0	0	0	0	8
Shooting King	15.053711241874407	10	3	15	28	2383	2	0	0	0	0	18	188
[MAG] StarBurns*	4.851136509534552	5	3	0	0	0	21	0	0	1	0	2	19
พลเอกประยุ	5.4657128959029215	26	32	393	38	3333	888	14	3	65	0	96	197
PARITZ	2.178751070695985	3	3	0	0	0	0	0	0	0	0	1	38
ช่างภาพ	4.800270865184124	6	4	0	0	0	5	0	0	0	0	5	161
ŚάИ ώίŤ	0.49065566603696503	0	1	0	0	0	0	0	0	0	0	2	23
John Max	2.327116829125274	3	3	0	0	0	0	0	0	0	0	1	14
+5Bath10Bath+	2.364907613023677	5	5	0	0	0	0	0	0	0	0	1	11
GGste@m [Ceres]	2.3694932296169338	1	1	0	0	0	0	0	0	0	0	0	179
JigsaW_W	3.8231193471716503	6	4	0	0	0	0	0	0	0	0	1	19
GGste@m [Ceres]	2.369493363854661	1	1	0	0	0	0	0	0	0	0	0	179
SubYik4x100	2.5355593038522564	17	15	73	8	1256	8	1	0	1	0	1	34
Viper	2.2926012556497546	0	0	0	0	0	0	0	0	0	0	0	3
SubYik4x100	2.5355594459537216	17	15	73	8	1256	8	1	0	1	0	1	34
sasicha.bunbun	1.025390397377452	1	2	0	0	0	1	0	0	0	0	0	5
[MC-AT]PieceOfRiice	5.430414524019301	6	4	0	0	0	5	0	0	1	0	0	36
I Believe I Can Fly	4.852070693996157	4	3	0	0	0	0	0	0	0	0	1	73
oil	5.190108140844981	4	3	0	0	0	0	0	0	0	0	3	49
print("fuck you python")	5.4359330737438825	7	5	0	0	0	0	0	0	0	0	2	63
きりしま とうか	4.249558626170156	6	4	61	11	1499	0	0	0	0	0	7	150
SUGIARTO	5.271083358963958	5	4	0	0	0	0	0	0	0	0	0	21
最后的战役	5.415969045158942	8	4	0	0	0	0	0	0	0	0	0	24
SoYa QiaO	6.135331039263966	4	2	0	0	0	0	0	0	0	0	0	101
ss15PH	5.888147093291062	5	3	0	0	0	0	0	0	0	0	1	46
KS Yamete	2.529646735236291	2	2	0	0	0	0	0	0	0	0	0	9
下海捞	1.5922716718400676	0	0	0	0	0	0	0	0	0	0	0	4
KS Yamete	2.529646922997741	2	2	0	0	0	0	0	0	0	0	0	9
清哇	6.4190422147939135	5	3	0	0	0	0	0	0	0	0	0	78
2008	6.068216548227518	4	2	0	0	0	0	0	0	0	0	2	96
Bliț	4.625013443799173	5	3	0	0	0	0	0	0	1	0	0	31
2008	6.068216669172887	4	2	0	0	0	0	0	0	0	0	2	96
C12H	5.850382512898674	6	4	0	0	0	0	0	0	0	0	0	113
CHICKYDIM.	5.7742262430190285	5	4	0	0	0	0	0	0	0	0	1	219
Hey~Brother	5.3931154814954105	2	3	0	0	0	0	0	0	0	0	1	53
460★sUI风	5.633556011062544	5	4	0	0	0	0	0	0	0	0	9	90
StarFall.Aw3	5.143787039790644	4	3	0	0	0	0	0	0	0	0	2	43
[Gr!mmJoooe]	5.006012310202347	2	3	0	0	0	1	0	0	0	0	0	151
hehe	3.8055605091958378	0	0	0	0	0	0	0	0	0	0	0	14
๖Blaɀensei	5.723817542149119	11	6	66	26	840	5	1	0	1	0	4	169
CpE ✪ Ba™aN	0.31777364191116564	0	0	0	0	0	0	0	0	0	0	0	8
HalcyonProtector	3.4475132752355058	19	12	0	0	0	178	0	0	2	0	96	39
Genji Shimada	2.7768098922295206	4	4	0	0	0	5	0	0	0	0	3	14
BaByShark	2.153412978175364	0	1	8	0	0	0	0	0	0	0	5	29
Shroom	3.0773963179920814	4	4	0	0	0	0	0	0	0	0	8	199
Gobta	3.2852957219404733	3	3	0	0	0	0	0	0	0	0	1	81
Spoderman	4.181436356100643	5	4	0	0	0	0	0	0	1	0	16	139
네연	2.7180817783915985	3	3	11	13	289	1	0	0	0	0	0	155
۞҉Ӎ҉么Ʀ√Ξl۞҉	5.857602213406014	8	6	0	0	0	18	0	0	1	0	4	115
[NXT] Lamok ♥♥♥	4.250216362281091	0	1	0	0	0	0	0	0	0	0	0	20
Watch and LEarn	4.5551479745890235	4	3	0	0	0	0	0	0	0	0	0	98
DiMe BaG	3.0637104694261232	0	0	0	0	0	0	0	0	0	0	0	6
Watch and LEarn	4.555148093772064	4	3	0	0	0	0	0	0	0	0	0	98
ron.degala	1.3896236138446403	1	2	0	0	0	0	0	0	0	0	0	2
Mach One	7.648230761215755	18	5	640	0	726	12	2	0	2	0	8	272
killshot	3.762935743589357	10	7	0	0	0	0	0	0	1	0	0	16
Rainy Day.	1.5735090843960076	0	0	3	0	0	0	0	0	0	0	0	35
Mih4iL	3.206171236921262	15	16	0	0	0	1	1	0	3	0	1	97
Disruptor	1.7866147604952347	0	0	5	0	2013	0	0	0	0	0	1	44
m̷u̷e̷r̷t̷o̷.9rc	6.570303308060195	43	30	102	183	7074	4	0	0	2	0	12	233
belladonna	2.608443749756906	14	8	36	0	0	3	0	0	1	0	10	213
Matteo	2.2610504809451215	2	2	0	0	0	0	0	0	0	0	0	21
justine17	0.6070655747475977	1	1	0	0	0	0	0	0	0	0	0	8
X*Y*R*U*S	0.6070453109841609	0	0	0	0	0	0	0	0	0	0	0	2
justine17	0.6070656977629659	1	1	0	0	0	0	0	0	0	0	0	8
GungGongTV	0.9659307675611952	1	1	0	0	0	0	0	0	0	0	0	19
[PHI]TamaGotChi	3.255417192469789	0	0	0	0	0	0	0	0	0	0	0	7
GungGongTV	0.9659309553118873	1	1	0	0	0	0	0	0	0	0	0	19
Spin to win 🧠	2.322133412220593	0	0	0	0	0	0	0	0	0	0	0	7
VCTRX_04	1.5704623809206129	2	3	0	0	0	0	0	0	0	0	0	10
Ekkoloyd	3.5562647859076897	5	3	0	0	0	1	0	0	1	0	1	7
RODA ROLLA DA	0.4218963752677073	0	0	0	0	0	0	0	0	0	0	0	5
Ekkoloyd	3.556264955744079	5	3	0	0	0	1	0	0	1	0	1	7
🌚Weeaboo_Jones🌚	6.279137236373315	11	5	0	0	0	54	1	0	1	0	72	102
team_fortress_2_fan	2.8651002145422964	3	3	0	0	0	0	0	0	0	0	4	6
pyro_is_boss	2.8755045461642186	2	2	0	0	0	0	0	0	0	0	0	2
team_fortress_2_fan	2.8651003439653526	3	3	0	0	0	0	0	0	0	0	4	6
shadow	3.0455012785164706	3	3	0	0	0	0	0	0	0	0	10	6
team_fortress_2_fan	2.865100498742913	3	3	0	0	0	0	0	0	0	0	4	6
TheScoutMain	3.7604516749572388	6	5	0	0	0	4	0	17	1	0	64	105
✧Sasuke✧	3.434549926898198	17	12	10	0	1301	112	12	0	6	0	294	102
kim kardashian csgo-gambler.com	4.848598191617975	4	3	0	0	0	0	0	0	0	0	6	82
CydiaPulse	6.157560989601593	15	11	0	0	0	34	1	0	4	0	12	104
Dirty Dan	6.196759662847479	16	11	0	0	0	188	0	0	3	0	12	130
Cribbs	8.935113662060228	30	18	0	0	0	1247	0	0	2	0	9	228
Þd∃¹	6.356983403350029	38	9	71	2	635	1	0	0	1	0	1	72
Cilyuri	9.691569507484884	85	111	1355	39	10207	596	27	3	13	0	997	673
cpymeister	5.426566047894144	14	9	167	0	7676	60	1	0	5	0	143	332
5c1m_Gl╰_╯	4.923645338887487	4	3	17	11	1044	14	0	0	0	0	8	68
🌸Ice🌸GNK	2.2834369617376242	11	5	17	0	1849	138	2	0	1	0	5	115
.Сom	3.8196724621447915	13	6	0	0	0	3	0	0	1	0	13	47
Cвятой Димитрий	7.160900936541257	7	4	0	0	0	32	0	0	0	0	24	103
Spawn	8.309447694384179	24	28	277	11	7988	1029	4	0	23	0	34	100
[G.H.T]Dr.Blood®	5.770442279503997	8	5	0	0	0	42	2	0	1	0	7	55
Pablo Potter	6.295339563822063	12	6	0	0	0	43	0	0	0	0	24	70
Freeze	5.975770510224733	36	36	158	2	3930	180	0	0	0	0	6	155
willy12345	5.320247209641352	15	9	0	0	0	71	0	1	2	0	5	40
MatGHD	2.2686685744627955	4	3	0	0	0	0	0	0	0	0	0	28
ⱠⱠ | Gazerblazer	2.229183907972646	4	4	67	105	3196	3	0	0	1	0	7	34
RoD-Platon	2.7477556014136124	21	13	58	59	4561	36	0	0	3	0	4	111
SweetPicklePie	7.593718940537436	11	6	0	0	0	6	0	0	3	0	5	40
DarK_SlayeR ᴠ2.0	4.658746613497535	25	17	0	0	0	289	0	0	10	0	9	82
FANAT93	3.386047728797745	3	3	0	0	0	0	0	0	0	0	5	100
★Pachimari★	3.2246846691369706	15	13	0	0	0	7	0	0	1	0	3	75
Bimba(ХХОА)	4.071208915685591	4	3	0	0	0	9	0	0	0	0	0	7
Puppey DotaMix.com	2.6078786269656704	0	0	0	0	0	0	0	0	0	0	0	2
Bimba(ХХОА)	4.071209068092316	4	3	0	0	0	9	0	0	0	0	0	7
Puppey DotaMix.com	2.6078787682957905	0	0	0	0	0	0	0	0	0	0	0	2
Bimba(ХХОА)	4.071209200846301	4	3	0	0	0	9	0	0	0	0	0	7
K4aUU	5.696335452893213	9	3	0	0	0	3	0	0	1	0	2	53
Крыса	1.2747495536771616	2	3	0	0	0	5	0	0	0	0	1	18
ПУПСИК	2.6951900344631023	4	3	56	0	1319	281	0	0	1	0	5	72
2 Miesiące Na Hakach I VAC GG	1.7968638955292393	2	3	5	0	200	0	0	0	1	0	7	101
ItsRicards	1.4101702438074204	1	2	0	0	0	0	0	0	0	0	0	12
Hamachi	10.55031617862585	7	3	0	0	0	0	0	0	0	0	25	135
Graham	9.586189322087492	9	6	0	0	0	1	0	0	0	0	2	69
kubson	5.21858642705398	10	4	48	0	0	0	0	0	2	0	9	215
moj stary mial nowa kobiete	4.171600661515078	8	3	10	0	3623	2	0	0	0	0	17	202
Nacki ZPM	10.69890688814268	9	3	0	0	0	29	0	0	1	0	20	147
Gamb1no*	5.943153480514445	7	4	55	0	0	12	4	0	0	0	15	203
Online.MdS	10.17016379507912	11	5	0	0	0	3	0	0	0	0	71	78
♛ makywkaaa [23]	4.912496069319558	14	7	14	0	3364	2	0	0	0	0	15	50
kOsm1	11.311614123914898	11	6	48	74	10610	44	0	0	0	0	12	102
...	2.512536163225301	0	0	0	0	0	0	0	0	0	0	0	25
FaNuRiK	11.52007370889088	6	2	0	0	0	0	0	0	0	0	1	22
PMG	3.4741734463461666	2	2	0	0	0	0	0	0	0	0	0	8
Tima	2.303810410946252	3	3	0	0	0	0	0	0	0	0	0	9
Борщ	11.164104047672208	31	26	241	6	1069	11	0	0	4	0	5	22
PMG	3.474173687474686	2	2	0	0	0	0	0	0	0	0	0	8
Снял в касание	4.627835649437776	4	3	0	0	0	0	0	0	0	0	0	18
666	1.7406856572540323	2	3	0	0	0	0	0	0	0	0	0	20
Nexus	6.943023644151601	50	87	0	0	0	59	1	0	1	0	88	155
Tada Banri	4.836094257035099	7	4	0	0	0	2	0	0	1	0	7	252
Oz	4.399178590925959	12	6	6	33	5002	2	1	0	0	0	137	241
✪ Boboho ♥	3.366480686898766	3	3	0	0	0	3	0	0	0	0	6	77
finally vaced since 7.6.17 ♥	2.7564536163034488	3	3	0	0	0	0	0	0	0	0	15	83
Sula	3.8177526939387008	10	6	25	0	1594	3	0	1	1	0	31	69
souL-	1.201157765292376	11	8	4	0	26	0	4	0	1	0	4	110
Left	4.980641679443491	3	4	0	0	0	0	0	0	0	0	0	21
DEIMOS	5.814466117605552	14	10	0	0	0	3	0	0	1	0	2	77
@Deimos	2.6900032861218395	0	0	0	0	0	0	0	0	0	0	0	3
/mlp/ Midnight	6.155981199979313	62	78	301	5804	258917	291	11	5	6	0	169	150
Абысцы нэ бiй	1.1422964207868793	10	6	7	0	383	7	2	0	1	0	1	16
я патау	2.0313113753746785	6	5	0	0	0	2	0	0	0	0	2	61
FROZEN	3.005807859955018	6	5	0	0	0	9	0	0	0	0	4	79
Прививка	2.165654493225711	2	2	0	0	0	0	0	0	0	0	1	39
YAPONAMAT`	7.756231954628028	9	5	12	0	526	1	0	0	1	0	2	13
FANAT ROCKA	9.058263243398853	6	3	0	0	0	61	0	0	1	0	6	68
YAPONAMAT`	7.756232105620692	9	5	12	0	526	1	0	0	1	0	2	13
DaShKAaa	9.339305702825863	6	3	0	0	0	0	0	0	0	0	9	24
Rastochnik	8.786486900243396	10	5	0	0	0	0	0	0	0	0	1	20
Rock-N-Rolla 🆅🅰🅻🆅🅴	10.084451928182773	57	21	16	22	3392	32	0	0	0	0	20	121
Zummber	1.9044033713131419	11	9	25	2	748	5	0	0	1	0	2	9
Durag	3.830474313950127	6	4	0	0	0	6	0	0	1	0	4	12
NicopsOne	5.694108656683235	20	19	0	0	0	228	0	0	1	0	2	54
Mr. Кусь	6.443481542368586	9	6	0	0	0	8	0	0	0	0	11	161
XaWolf	6.519662630785605	4	3	19	0	17	0	0	0	0	0	5	19
Mr. Кусь	6.443481716232772	9	6	0	0	0	8	0	0	0	0	11	161
Trust me	0.925587170884187	0	0	0	0	0	0	0	0	0	0	0	11
Harris Angelo	1.2523103465963625	2	3	0	0	0	26	0	0	1	0	0	7
Trust me	0.9255874063428936	0	0	0	0	0	0	0	0	0	0	0	11
Aseks	0.5638481636295263	1	1	4	0	106	0	0	0	0	0	0	8
Tedassef	2.2513645309464074	4	4	16	0	15	0	0	0	0	0	0	17
я твою маму їбав	5.392121851944745	7	4	0	0	0	3	0	0	2	0	0	26
Destroied dreams	3.9094354846362065	6	4	32	1	1294	12	0	0	0	0	1	40
RAGE	6.652315621886148	13	12	160	0	926	2	0	0	1	0	9	21
Destroied dreams	3.909435621643281	6	4	32	1	1294	12	0	0	0	0	1	40
#n1kk3n	0.8223416528534777	22	14	0	0	0	3	0	0	0	0	2	148
Alt+HOME	0.8735758335550596	3	3	0	0	0	0	0	0	0	0	0	46
Crazy Dule	5.395646376396476	6	5	14	13	430	27	0	0	0	0	2	93
PANAMA ^_^	3.1647486659485655	6	4	0	0	0	48	0	0	0	0	13	176
maxwell	2.3670592986585937	8	4	0	0	0	18	1	0	1	0	2	52
Zaraki Kenpachi	4.005086528504677	4	3	0	0	0	6	0	0	0	0	10	54
.	2.805662685364825	4	3	0	0	0	0	0	0	1	0	17	122
compaNy	6.801584481300488	5	3	0	0	0	0	0	1	0	0	0	234
Patrik	4.277067234985761	5	4	0	0	0	10	0	0	0	0	7	166
Kiza	8.771928127934217	30	27	39	11	6101	73	0	0	0	0	6	260
Beba [A]	3.686212873016386	22	16	69	71	4995	3	0	4	1	0	26	125
✪ dziks	5.707017209673831	10	5	60	27	3358	8	3	0	1	0	1	250
WORDEN	3.326934817267297	7	5	0	0	0	28	0	0	1	0	7	108
HelZa	2.4679506340044246	9	6	109	47	3993	4	0	0	0	0	17	139
mæsteR	14.356249066663358	22	13	144	12	8007	33	0	1	3	0	18	122
Anal-Pløjeren	4.106919305264534	6	4	21	0	1746	26	0	0	0	0	1	73
vegan alien	1.8599372902446774	6	5	98	3	2706	30	0	0	4	0	49	114
Useless	2.7882773774301772	15	17	169	71	1959	1	0	0	1	0	12	101
Buy_Skyrim	0.623848783614595	0	0	0	0	0	0	0	0	0	0	1	2
Flavored Gumball	7.855086084578089	53	94	1314	27	3440	27	4	0	10	0	7	65
Gasior	5.871822344056812	13	7	0	0	0	52	0	1	2	0	45	142
Bolekilolek	9.293043456337502	8	4	0	0	0	18	0	0	0	0	41	224
^.:WrT:.^	3.708800366410306	2	2	0	0	0	1	0	0	0	0	2	18
Bambel	3.6655141580699886	3	3	0	0	0	0	0	0	0	0	1	26
MenelGdanski	7.61136145529777	12	6	0	0	0	4	0	0	0	0	25	66
Burrito Cobblestone	4.284557818078182	5	4	0	0	0	0	0	0	0	0	7	100
SveyRay	4.385957794147357	35	26	0	0	0	12	0	2	0	0	2	97
Feddamannen	5.451699727873008	24	17	142	0	1619	114	0	0	0	0	51	118
SveyRay	4.385957956540417	35	26	0	0	0	12	0	2	0	0	2	97
Robban312	3.6167078202361385	5	4	31	0	3041	1	0	0	0	0	12	129
RattPack	5.224652946485239	15	11	55	15	3056	10	1	0	1	0	38	155
Mákúlélé ♡ We trust	4.778243260906568	8	6	0	0	0	0	0	0	0	0	10	183
bandolero	4.689907094975819	5	4	0	0	0	0	0	0	0	0	3	46
HEISENB3RG	4.400093251001519	14	12	0	0	0	30	2	0	2	0	23	103
TugaFight@hellcase.com	3.513797765168682	5	5	7	37	1241	0	0	0	0	0	16	267
Falast com ele?=)	11.768372932305189	7	3	0	0	0	0	0	0	0	0	1	165
D U R E X ™	1.6947769100182344	2	3	15	0	1424	2	0	0	0	0	1	225
pipito10	7.467348327086646	5	3	0	0	0	3	0	0	0	0	1	18
CaT-ronte	6.45149044717214	8	3	0	0	0	13	0	0	1	0	11	219
Trifasik Marley	2.6989253299686813	3	3	0	0	0	11	0	0	0	0	10	138
Rodrimin8	5.356799760559227	20	12	0	0	0	12	1	1	12	0	15	272
Trifasik Marley	2.6989254922717882	3	3	0	0	0	11	0	0	0	0	10	138
J.Espi	8.15847608708261	6	3	0	0	0	26	1	0	0	0	38	225
veNOm*	9.265284977208806	8	4	0	0	0	0	0	0	0	0	5	99
CAIN	15.333714628294587	10	3	0	0	0	1	0	0	0	0	6	231
beaN^D	14.367577446944926	21	18	0	0	0	86	3	17	1	0	9	87
nordickk	15.519897250274743	9	2	0	0	0	0	0	0	0	0	5	102
...VITY	12.246376438682248	12	8	0	0	0	0	1	0	1	0	1	87
BeLi	13.730283951490035	9	2	0	0	0	0	0	0	0	0	3	54
koke	12.353752975999885	7	2	0	0	0	0	0	0	0	0	9	8
Chakootin	11.723213112710114	8	3	0	0	0	1	0	1	1	0	2	95
Reider	11.013457120779389	11	5	0	0	0	0	0	0	2	0	3	24
Niña del Demonio	8.89654294025945	21	22	0	0	0	10	0	0	1	0	2	15
mikinightmare	6.105843266316775	8	5	0	0	0	2	0	0	0	0	0	6
Niña del Demonio	8.896543083942886	21	22	0	0	0	10	0	0	1	0	2	15
sss aaaahhh	5.2977606408245475	3	2	0	0	0	0	0	0	0	0	0	8
Wuxia	4.644053556864347	7	4	0	0	0	0	0	0	0	0	1	8
Javierattor	5.559112041136824	31	33	664	7	4367	1808	0	9	18	0	7	29
Fyorcus	10.663618642961167	6	2	0	0	0	0	0	0	0	0	2	17
TIO MOÑAS	5.594091621335957	3	2	0	0	0	0	0	0	0	0	0	7
[Augusto] Boosted Animal	5.8956217082424605	3	2	0	0	0	0	0	0	0	0	0	31
Ayakito	6.738355677407241	7	5	0	0	0	0	0	0	0	0	2	54
POS 6 muted	6.242985846105398	6	3	0	0	0	2	0	0	1	0	30	298
Powered By Vodka	10.268761548810325	8	3	0	0	0	9	0	0	0	0	2	73
OuTLaW	6.209117057574327	74	80	205	1	6129	25	0	4	4	0	10	271
|BaD|A$$|	6.764303774894992	6	3	0	0	0	3	0	0	1	0	10	222
Mr.fucker	3.1734938509672928	10	5	8	0	336	13	1	0	2	0	1	142
Christena	2.3022205835877187	0	0	0	0	0	0	0	0	0	0	0	8
OuTLaW	6.209117344239138	74	80	205	1	6129	25	0	4	4	0	10	271
Azoz csgofast.com	1.5378400939615289	30	17	46	0	831	2	0	0	1	0	12	118
Mustafa crazyskins.fun	1.4159454148447284	5	4	44	9	458	5	1	0	2	0	3	45
♠☯apEX♠☯	5.170034562238532	4	3	0	0	0	0	0	0	0	0	4	26
El Profesor	3.216030442845097	4	4	0	0	0	0	0	0	0	0	11	142
FR4YL1X	3.246997947666599	4	4	20	30	5897	3	0	0	0	0	3	114
Papadog (Youtube/Twitch)	6.436865667323446	7	4	0	0	0	3	0	0	1	0	10	157
Mentefriter	3.3063817781324865	3	3	0	0	0	3	0	0	0	0	8	101
Abyss	2.511823308124662	11	9	108	44	3276	9	0	0	1	0	6	133
$€IN$11 ¬¬	6.501003797741444	5	3	0	0	0	1	0	0	0	0	6	85
viruta	14.344579591802129	8	2	0	0	0	0	0	0	0	0	5	20
Glash*	11.89873725582554	6	2	0	0	0	0	0	0	0	0	10	161
K.A.O.S	11.327872056055218	7	2	0	0	0	0	0	0	0	0	5	140
Sylar	12.49875435439704	7	2	0	0	0	0	0	0	0	0	5	57
Officer Doofy - B3tico	14.719658886412068	10	3	0	0	0	0	0	0	1	0	11	49
ThorBearerOvMjölnir	9.391872586322497	14	8	0	0	0	172	0	0	1	0	8	37
Sasa434	9.00852338158311	8	3	0	0	0	0	0	0	0	0	0	18
Hetarnia	6.931819397536791	8	5	0	0	0	1	0	0	0	0	6	35
Lenny	4.0496511109350735	21	16	0	0	0	0	1	0	3	0	10	105
Zerbio	5.096308017581528	18	16	0	0	0	287	1	5	4	0	12	125
Patermon	4.471242279563094	26	21	0	0	0	5	0	0	0	0	30	254
[MG] BrummGurke	5.071624263437318	36	34	49	61	4383	147	1	0	13	0	8	239
[8thAL.G][Vol]Underdog	7.386036775786841	6	3	0	0	0	8	0	0	0	0	1	59
Dutch"Rudder"	2.978613472833995	4	4	0	0	0	0	0	0	0	0	3	62
[PBS]Kove	14.202130911988746	11	4	0	0	0	127	0	0	10	0	4	50
Xados	4.422329562201649	3	2	0	0	0	0	0	0	0	0	0	12
[LR] Happyhyppo	14.199829147548588	41	80	1138	0	8409	102	0	0	11	0	21	130
Twitch.tv/rapiDownage	9.331724438412179	22	13	135	0	878	47	4	0	9	0	9	90
Vinnas	7.708905583168061	47	104	0	0	0	1	0	0	2	0	6	52
valdir_cle	5.974771404275785	5	3	0	0	0	1	0	0	0	0	3	26
V1	2.5301659918676047	26	39	0	0	0	626	0	0	20	0	4	103
KawanPLD	4.347261432341366	20	20	234	30	3047	0	1	0	4	0	147	141
Spotik	7.8906929744981005	25	28	0	0	0	84	0	0	3	0	21	199
rodurso	5.390146879743419	5	3	0	0	0	0	0	0	0	0	0	12
Roh, The homossexual orc	8.325354310127887	29	43	0	0	0	0	0	0	4	0	5	82
bruno_detah	6.47882767094045	6	3	66	0	117	3	2	0	2	0	0	10
Roh, The homossexual orc	8.32535448645337	29	43	0	0	0	0	0	0	4	0	5	82
Luiz Gustavo Alves	5.248182260403033	6	3	0	0	0	0	0	0	5	0	2	73
Vặlor Thui	2.282537052510853	7	5	0	0	0	1	0	0	1	0	3	52
Dalek40	3.725637540866697	9	6	0	0	0	11	3	1	1	0	3	26
djdeck	3.452455686407607	2	2	0	0	0	0	0	0	0	0	2	5
Daniel-syy	2.995472145004851	5	4	0	0	0	0	0	2	1	0	1	27
Crescent falcon	3.252281173335801	26	23	132	36	2350	12	0	26	5	0	1	57
姜少	2.079636806245438	2	2	0	0	0	0	0	0	0	0	0	3
Crescent falcon	3.2522813281954046	26	23	132	36	2350	12	0	26	5	0	1	57
电脑玩家古明地心	1.759219674223067	11	10	0	0	0	2	0	0	0	0	24	287
幻想乡の观测者⑨	3.3627608597447494	73	70	815	0	1303	183	0	26	21	0	31	317
Rudolph	3.5539930968013804	3	2	0	0	0	0	0	0	0	0	0	8
Mr. Xiaoyuanzi	6.280935891808093	124	317	3271	0	6170	264	0	0	14	0	58	637
街道办事处主任	5.633753771026838	11	9	0	0	0	2	0	0	2	0	4	36
式部茉优	5.274500662283727	38	62	0	0	0	17	0	0	5	0	2	81
竹子1209.	2.82905357423706	5	6	0	0	0	0	0	0	2	0	1	28
Just Afraid	2.8283805709017575	5	4	0	0	0	0	0	0	0	0	1	78
